(kicad_pcb (version 20171130) (host pcbnew 5.0.2+dfsg1-1)

  (general
    (thickness 1.6002)
    (drawings 35)
    (tracks 994)
    (zones 0)
    (modules 119)
    (nets 147)
  )

  (page B)
  (title_block
    (title JVC43A)
    (date 2022-12-07)
    (rev 1)
    (company "©2022 OT Collective")
    (comment 1 "Licensed under the TAPR Open Hardware License v1.0")
  )

  (layers
    (0 F.Cu signal)
    (1 L2.Cu power hide)
    (2 L3.Cu signal hide)
    (3 L4.Cu signal hide)
    (4 L5.Cu power hide)
    (31 B.Cu signal)
    (32 B.Adhes user hide)
    (33 F.Adhes user hide)
    (34 B.Paste user hide)
    (35 F.Paste user hide)
    (36 B.SilkS user)
    (37 F.SilkS user)
    (38 B.Mask user hide)
    (39 F.Mask user hide)
    (40 Dwgs.User user hide)
    (41 Cmts.User user)
    (42 Eco1.User user)
    (43 Eco2.User user)
    (44 Edge.Cuts user)
    (45 Margin user)
    (46 B.CrtYd user)
    (47 F.CrtYd user)
    (48 B.Fab user hide)
    (49 F.Fab user hide)
  )

  (setup
    (last_trace_width 0.381)
    (user_trace_width 0.1778)
    (user_trace_width 0.2032)
    (user_trace_width 0.381)
    (user_trace_width 0.508)
    (user_trace_width 0.635)
    (trace_clearance 0.2032)
    (zone_clearance 0.2032)
    (zone_45_only no)
    (trace_min 0.1778)
    (segment_width 0.2)
    (edge_width 0.2032)
    (via_size 0.4572)
    (via_drill 0.2032)
    (via_min_size 0.4064)
    (via_min_drill 0.2032)
    (user_via 0.4572 0.2032)
    (user_via 0.635 0.381)
    (uvia_size 0.3)
    (uvia_drill 0.1)
    (uvias_allowed no)
    (uvia_min_size 0.2)
    (uvia_min_drill 0.1)
    (pcb_text_width 0.3)
    (pcb_text_size 1.5 1.5)
    (mod_edge_width 0.15)
    (mod_text_size 1 1)
    (mod_text_width 0.15)
    (pad_size 6.3 0.95)
    (pad_drill 0)
    (pad_to_mask_clearance 0.051)
    (solder_mask_min_width 0.25)
    (aux_axis_origin 0 0)
    (visible_elements FFFFFF7F)
    (pcbplotparams
      (layerselection 0x010fc_ffffffff)
      (usegerberextensions false)
      (usegerberattributes false)
      (usegerberadvancedattributes false)
      (creategerberjobfile false)
      (excludeedgelayer true)
      (linewidth 0.100000)
      (plotframeref true)
      (viasonmask false)
      (mode 1)
      (useauxorigin false)
      (hpglpennumber 1)
      (hpglpenspeed 20)
      (hpglpendiameter 15.000000)
      (psnegative false)
      (psa4output false)
      (plotreference true)
      (plotvalue true)
      (plotinvisibletext false)
      (padsonsilk false)
      (subtractmaskfromsilk false)
      (outputformat 1)
      (mirror false)
      (drillshape 0)
      (scaleselection 1)
      (outputdirectory "fab/"))
  )

  (net 0 "")
  (net 1 GND)
  (net 2 /Ethernet1/RXD0)
  (net 3 /Ethernet1/RXD1)
  (net 4 /Ethernet1/RXD2)
  (net 5 /Ethernet1/RXD3)
  (net 6 /Ethernet1/RXD4)
  (net 7 /Ethernet1/RXD5)
  (net 8 /Ethernet1/RXD6)
  (net 9 /Ethernet1/RXD7)
  (net 10 "Net-(U201-Pad25)")
  (net 11 /Ethernet1/ETH_TR3+)
  (net 12 /Ethernet1/ETH_TR3-)
  (net 13 /Ethernet1/ETH_TR2+)
  (net 14 /Ethernet1/ETH_TR2-)
  (net 15 /Ethernet1/ETH_TR1+)
  (net 16 /Ethernet1/ETH_TR1-)
  (net 17 /Ethernet1/ETH_TR0+)
  (net 18 /Ethernet1/ETH_TR0-)
  (net 19 /Ethernet1/VDD_ETH)
  (net 20 /Ethernet1/VDD12A)
  (net 21 +1V2)
  (net 22 /Ethernet1/VDD12PLL)
  (net 23 /Ethernet1/TXCLK)
  (net 24 /Ethernet1/ETH_TX3-)
  (net 25 /Ethernet1/ETH_TX3+)
  (net 26 /Ethernet1/ETH_TX2-)
  (net 27 /Ethernet1/ETH_TX2+)
  (net 28 /Ethernet1/ETH_TX1-)
  (net 29 /Ethernet1/ETH_TX1+)
  (net 30 /Ethernet1/ETH_TX0-)
  (net 31 /Ethernet1/ETH_TX0+)
  (net 32 "Net-(J201-Pad9)")
  (net 33 "Net-(J201-Pad12)")
  (net 34 "Net-(J201-Pad10)")
  (net 35 "Net-(J201-Pad11)")
  (net 36 /Ethernet2/VDD_ETH)
  (net 37 /Ethernet2/VDD12A)
  (net 38 /Ethernet2/VDD12PLL)
  (net 39 /Ethernet2/ETH_TX0+)
  (net 40 /Ethernet2/ETH_TX0-)
  (net 41 /Ethernet2/ETH_TX1+)
  (net 42 /Ethernet2/ETH_TX1-)
  (net 43 /Ethernet2/ETH_TX2+)
  (net 44 /Ethernet2/ETH_TX2-)
  (net 45 /Ethernet2/ETH_TX3+)
  (net 46 /Ethernet2/ETH_TX3-)
  (net 47 "Net-(J301-Pad9)")
  (net 48 "Net-(J301-Pad12)")
  (net 49 "Net-(J301-Pad10)")
  (net 50 "Net-(J301-Pad11)")
  (net 51 /Ethernet2/ETH_TR0-)
  (net 52 /Ethernet2/ETH_TR0+)
  (net 53 /Ethernet2/ETH_TR1-)
  (net 54 /Ethernet2/ETH_TR1+)
  (net 55 /Ethernet2/ETH_TR2-)
  (net 56 /Ethernet2/ETH_TR2+)
  (net 57 /Ethernet2/ETH_TR3-)
  (net 58 /Ethernet2/ETH_TR3+)
  (net 59 /Ethernet2/RXD0)
  (net 60 /Ethernet2/RXD1)
  (net 61 /Ethernet2/RXD2)
  (net 62 /Ethernet2/RXD3)
  (net 63 /Ethernet2/RXD4)
  (net 64 /Ethernet2/RXD5)
  (net 65 /Ethernet2/RXD6)
  (net 66 /Ethernet2/RXD7)
  (net 67 /Ethernet2/RXDV)
  (net 68 /Ethernet2/RXER)
  (net 69 /Ethernet2/RXCLK)
  (net 70 "Net-(U301-Pad25)")
  (net 71 /Ethernet2/TXCLK)
  (net 72 /EN_W2B)
  (net 73 /ER_W2B)
  (net 74 /CLK_W2B)
  (net 75 "Net-(C206-Pad1)")
  (net 76 "Net-(C207-Pad1)")
  (net 77 "Net-(C208-Pad1)")
  (net 78 "Net-(C209-Pad1)")
  (net 79 /Ethernet1/gnd_eth)
  (net 80 "Net-(C306-Pad1)")
  (net 81 "Net-(C307-Pad1)")
  (net 82 "Net-(C308-Pad1)")
  (net 83 "Net-(C309-Pad1)")
  (net 84 /Ethernet2/gnd_eth)
  (net 85 /Ethernet1/MDIO)
  (net 86 /Ethernet2/MDIO)
  (net 87 /Ethernet1/eth_inter_gnd)
  (net 88 /Ethernet2/eth_inter_gnd)
  (net 89 /Ethernet1/ETH_CT0)
  (net 90 /Ethernet1/ETH_CT1)
  (net 91 /Ethernet1/ETH_CT2)
  (net 92 /Ethernet1/ETH_CT3)
  (net 93 /Ethernet2/ETH_CT0)
  (net 94 /Ethernet2/ETH_CT1)
  (net 95 /Ethernet2/ETH_CT2)
  (net 96 /Ethernet2/ETH_CT3)
  (net 97 /Ethernet1/IRQ)
  (net 98 /Ethernet2/IRQ)
  (net 99 /Ethernet1/XI)
  (net 100 /Ethernet1/ETHRBIAS)
  (net 101 /Ethernet2/ETHRBIAS)
  (net 102 /Power_Supply/VCC_USB)
  (net 103 "Net-(J401-PadA6)")
  (net 104 "Net-(J401-PadA7)")
  (net 105 "Net-(J401-PadA8)")
  (net 106 "Net-(J401-PadB6)")
  (net 107 "Net-(J401-PadB7)")
  (net 108 "Net-(J401-PadB8)")
  (net 109 /Power_Supply/IntVcc)
  (net 110 /Power_Supply/FB1)
  (net 111 /Power_Supply/FB2)
  (net 112 +2V5)
  (net 113 "Net-(U401-Pad2)")
  (net 114 "Net-(U401-Pad5)")
  (net 115 /Power_Supply/PS_Vin)
  (net 116 /Power_Supply/Vin_damp)
  (net 117 /Power_Supply/CC1)
  (net 118 /Power_Supply/CC2)
  (net 119 /Power_Supply/SW1)
  (net 120 /Power_Supply/SW2)
  (net 121 /Ethernet1/ACT_LED)
  (net 122 /Ethernet1/1000_LED)
  (net 123 /Ethernet1/100_LED)
  (net 124 /Ethernet1/10_LED)
  (net 125 /Ethernet1/CONFIG3)
  (net 126 /Ethernet1/CONFIG2)
  (net 127 /Ethernet1/CONFIG1)
  (net 128 /Ethernet1/CONFIG0)
  (net 129 /Ethernet1/nRST)
  (net 130 /Ethernet2/ACT_LED)
  (net 131 /Ethernet2/1000_LED)
  (net 132 /Ethernet2/100_LED)
  (net 133 /Ethernet2/10_LED)
  (net 134 /Ethernet2/CONFIG3)
  (net 135 /Ethernet2/CONFIG2)
  (net 136 /Ethernet2/CONFIG1)
  (net 137 /Ethernet2/CONFIG0)
  (net 138 /Ethernet2/nRST)
  (net 139 /Ethernet1/TDO)
  (net 140 /Ethernet1/XO)
  (net 141 /Ethernet1/CRS)
  (net 142 /Ethernet1/COL)
  (net 143 /Ethernet2/TDO)
  (net 144 /Ethernet2/XO)
  (net 145 /Ethernet2/CRS)
  (net 146 /Ethernet2/COL)

  (net_class Default "This is the default net class."
    (clearance 0.2032)
    (trace_width 0.2032)
    (via_dia 0.4572)
    (via_drill 0.2032)
    (uvia_dia 0.3)
    (uvia_drill 0.1)
    (diff_pair_gap 0.2286)
    (diff_pair_width 0.2286)
    (add_net /CLK_W2B)
    (add_net /EN_W2B)
    (add_net /ER_W2B)
    (add_net /Ethernet1/1000_LED)
    (add_net /Ethernet1/100_LED)
    (add_net /Ethernet1/10_LED)
    (add_net /Ethernet1/ACT_LED)
    (add_net /Ethernet1/COL)
    (add_net /Ethernet1/CONFIG0)
    (add_net /Ethernet1/CONFIG1)
    (add_net /Ethernet1/CONFIG2)
    (add_net /Ethernet1/CONFIG3)
    (add_net /Ethernet1/CRS)
    (add_net /Ethernet1/ETHRBIAS)
    (add_net /Ethernet1/IRQ)
    (add_net /Ethernet1/MDIO)
    (add_net /Ethernet1/RXD0)
    (add_net /Ethernet1/RXD1)
    (add_net /Ethernet1/RXD4)
    (add_net /Ethernet1/RXD7)
    (add_net /Ethernet1/TDO)
    (add_net /Ethernet1/TXCLK)
    (add_net /Ethernet1/XI)
    (add_net /Ethernet1/XO)
    (add_net /Ethernet1/nRST)
    (add_net /Ethernet2/1000_LED)
    (add_net /Ethernet2/100_LED)
    (add_net /Ethernet2/10_LED)
    (add_net /Ethernet2/ACT_LED)
    (add_net /Ethernet2/COL)
    (add_net /Ethernet2/CONFIG0)
    (add_net /Ethernet2/CONFIG1)
    (add_net /Ethernet2/CONFIG2)
    (add_net /Ethernet2/CONFIG3)
    (add_net /Ethernet2/CRS)
    (add_net /Ethernet2/ETHRBIAS)
    (add_net /Ethernet2/IRQ)
    (add_net /Ethernet2/MDIO)
    (add_net /Ethernet2/RXCLK)
    (add_net /Ethernet2/RXD0)
    (add_net /Ethernet2/RXD1)
    (add_net /Ethernet2/RXD2)
    (add_net /Ethernet2/RXD3)
    (add_net /Ethernet2/RXD4)
    (add_net /Ethernet2/RXD5)
    (add_net /Ethernet2/RXD6)
    (add_net /Ethernet2/RXD7)
    (add_net /Ethernet2/RXDV)
    (add_net /Ethernet2/RXER)
    (add_net /Ethernet2/TDO)
    (add_net /Ethernet2/TXCLK)
    (add_net /Ethernet2/XO)
    (add_net /Ethernet2/nRST)
    (add_net /Power_Supply/CC1)
    (add_net /Power_Supply/CC2)
    (add_net /Power_Supply/FB1)
    (add_net /Power_Supply/FB2)
    (add_net /Power_Supply/IntVcc)
    (add_net GND)
    (add_net "Net-(C206-Pad1)")
    (add_net "Net-(C207-Pad1)")
    (add_net "Net-(C208-Pad1)")
    (add_net "Net-(C209-Pad1)")
    (add_net "Net-(C306-Pad1)")
    (add_net "Net-(C307-Pad1)")
    (add_net "Net-(C308-Pad1)")
    (add_net "Net-(C309-Pad1)")
    (add_net "Net-(J201-Pad10)")
    (add_net "Net-(J201-Pad11)")
    (add_net "Net-(J201-Pad12)")
    (add_net "Net-(J201-Pad9)")
    (add_net "Net-(J301-Pad10)")
    (add_net "Net-(J301-Pad11)")
    (add_net "Net-(J301-Pad12)")
    (add_net "Net-(J301-Pad9)")
    (add_net "Net-(J401-PadA6)")
    (add_net "Net-(J401-PadA7)")
    (add_net "Net-(J401-PadA8)")
    (add_net "Net-(J401-PadB6)")
    (add_net "Net-(J401-PadB7)")
    (add_net "Net-(J401-PadB8)")
    (add_net "Net-(U201-Pad25)")
    (add_net "Net-(U301-Pad25)")
    (add_net "Net-(U401-Pad2)")
    (add_net "Net-(U401-Pad5)")
  )

  (net_class Diff100 ""
    (clearance 0.20574)
    (trace_width 0.22352)
    (via_dia 0.4572)
    (via_drill 0.2032)
    (uvia_dia 0.3)
    (uvia_drill 0.1)
    (diff_pair_gap 0.20574)
    (diff_pair_width 0.22352)
    (add_net /Ethernet1/ETH_TR0+)
    (add_net /Ethernet1/ETH_TR0-)
    (add_net /Ethernet1/ETH_TR1+)
    (add_net /Ethernet1/ETH_TR1-)
    (add_net /Ethernet1/ETH_TR2+)
    (add_net /Ethernet1/ETH_TR2-)
    (add_net /Ethernet1/ETH_TR3+)
    (add_net /Ethernet1/ETH_TR3-)
    (add_net /Ethernet1/ETH_TX0+)
    (add_net /Ethernet1/ETH_TX0-)
    (add_net /Ethernet1/ETH_TX1+)
    (add_net /Ethernet1/ETH_TX1-)
    (add_net /Ethernet1/ETH_TX2+)
    (add_net /Ethernet1/ETH_TX2-)
    (add_net /Ethernet1/ETH_TX3+)
    (add_net /Ethernet1/ETH_TX3-)
    (add_net /Ethernet2/ETH_TR0+)
    (add_net /Ethernet2/ETH_TR0-)
    (add_net /Ethernet2/ETH_TR1+)
    (add_net /Ethernet2/ETH_TR1-)
    (add_net /Ethernet2/ETH_TR2+)
    (add_net /Ethernet2/ETH_TR2-)
    (add_net /Ethernet2/ETH_TR3+)
    (add_net /Ethernet2/ETH_TR3-)
    (add_net /Ethernet2/ETH_TX0+)
    (add_net /Ethernet2/ETH_TX0-)
    (add_net /Ethernet2/ETH_TX1+)
    (add_net /Ethernet2/ETH_TX1-)
    (add_net /Ethernet2/ETH_TX2+)
    (add_net /Ethernet2/ETH_TX2-)
    (add_net /Ethernet2/ETH_TX3+)
    (add_net /Ethernet2/ETH_TX3-)
  )

  (net_class Phat25 ""
    (clearance 0.2032)
    (trace_width 0.635)
    (via_dia 0.635)
    (via_drill 0.381)
    (uvia_dia 0.3)
    (uvia_drill 0.1)
    (diff_pair_gap 0.2286)
    (diff_pair_width 0.2286)
    (add_net /Ethernet1/ETH_CT0)
    (add_net /Ethernet1/ETH_CT1)
    (add_net /Ethernet1/ETH_CT2)
    (add_net /Ethernet1/ETH_CT3)
    (add_net /Ethernet1/VDD_ETH)
    (add_net /Ethernet1/eth_inter_gnd)
    (add_net /Ethernet1/gnd_eth)
    (add_net /Ethernet2/ETH_CT0)
    (add_net /Ethernet2/ETH_CT1)
    (add_net /Ethernet2/ETH_CT2)
    (add_net /Ethernet2/ETH_CT3)
    (add_net /Ethernet2/VDD_ETH)
    (add_net /Ethernet2/eth_inter_gnd)
    (add_net /Ethernet2/gnd_eth)
    (add_net /Power_Supply/PS_Vin)
    (add_net /Power_Supply/SW1)
    (add_net /Power_Supply/SW2)
    (add_net /Power_Supply/VCC_USB)
    (add_net /Power_Supply/Vin_damp)
  )

  (net_class UghClear ""
    (clearance 0.1778)
    (trace_width 0.1778)
    (via_dia 0.4572)
    (via_drill 0.2032)
    (uvia_dia 0.3)
    (uvia_drill 0.1)
    (diff_pair_gap 0.2286)
    (diff_pair_width 0.2286)
    (add_net +1V2)
    (add_net +2V5)
    (add_net /Ethernet1/RXD2)
    (add_net /Ethernet1/RXD3)
    (add_net /Ethernet1/RXD5)
    (add_net /Ethernet1/RXD6)
    (add_net /Ethernet1/VDD12A)
    (add_net /Ethernet1/VDD12PLL)
    (add_net /Ethernet2/VDD12A)
    (add_net /Ethernet2/VDD12PLL)
  )

  (module myfp:L_5.8x5.8mm_cutcir_6.3mm (layer F.Cu) (tedit 63923723) (tstamp 6391BBD6)
    (at 50.8 58.42)
    (path /63912954/6392A50D)
    (fp_text reference L402 (at 0 -4.191) (layer F.SilkS)
      (effects (font (size 1 1) (thickness 0.15)))
    )
    (fp_text value 4.2uH (at 0 4.5) (layer F.Fab)
      (effects (font (size 1 1) (thickness 0.15)))
    )
    (fp_line (start -4 4) (end -4 -4) (layer F.CrtYd) (width 0.25))
    (fp_line (start 4 4) (end -4 4) (layer F.CrtYd) (width 0.25))
    (fp_line (start 4 -4) (end 4 4) (layer F.CrtYd) (width 0.25))
    (fp_line (start -4 -4) (end 4 -4) (layer F.CrtYd) (width 0.25))
    (fp_line (start -3.3 3.3) (end -3.3 -3.3) (layer F.SilkS) (width 0.25))
    (fp_line (start 3.3 3.3) (end -3.3 3.3) (layer F.SilkS) (width 0.25))
    (fp_line (start 3.3 -3.3) (end 3.3 3.3) (layer F.SilkS) (width 0.25))
    (fp_line (start -3.3 -3.3) (end 3.3 -3.3) (layer F.SilkS) (width 0.25))
    (fp_circle (center 0 0) (end 2.2 0) (layer F.Fab) (width 0.25))
    (fp_line (start -2.9 2.9) (end -2.9 -2.9) (layer F.Fab) (width 0.25))
    (fp_line (start 2.9 2.9) (end -2.9 2.9) (layer F.Fab) (width 0.25))
    (fp_line (start 2.9 -2.9) (end 2.9 2.9) (layer F.Fab) (width 0.25))
    (fp_line (start -2.9 -2.9) (end 2.9 -2.9) (layer F.Fab) (width 0.25))
    (pad 2 smd custom (at 0 2.675) (size 6.3 0.95) (layers F.Cu F.Paste F.Mask)
      (net 119 /Power_Supply/SW1) (zone_connect 2)
      (options (clearance outline) (anchor rect))
      (primitives
        (gr_poly (pts
           (xy -3.15 0) (xy -3.15 -1.725) (xy -1.984 -1.725) (xy -1.499 -1.065) (xy -0.805 -0.628)
           (xy 0 -0.475) (xy 0.805 -0.628) (xy 1.499 -1.065) (xy 1.984 -1.725) (xy 3.15 -1.725)
           (xy 3.15 0)) (width 0))
      ))
    (pad 1 smd custom (at 0 -2.675) (size 6.3 0.95) (layers F.Cu F.Paste F.Mask)
      (net 21 +1V2) (zone_connect 2)
      (options (clearance outline) (anchor rect))
      (primitives
        (gr_poly (pts
           (xy -3.15 0) (xy -3.15 1.725) (xy -1.984 1.725) (xy -1.499 1.065) (xy -0.805 0.628)
           (xy 0 0.475) (xy 0.805 0.628) (xy 1.499 1.065) (xy 1.984 1.725) (xy 3.15 1.725)
           (xy 3.15 0)) (width 0))
      ))
  )

  (module myfp:L_5.8x5.8mm_cutcir_6.3mm (layer F.Cu) (tedit 63923723) (tstamp 6391BC20)
    (at 64.77 58.42 180)
    (path /63912954/6392AB2C)
    (fp_text reference L403 (at 0 4.191 180) (layer F.SilkS)
      (effects (font (size 1 1) (thickness 0.15)))
    )
    (fp_text value 6.2uH (at 0 4.5 180) (layer F.Fab)
      (effects (font (size 1 1) (thickness 0.15)))
    )
    (fp_line (start -4 4) (end -4 -4) (layer F.CrtYd) (width 0.25))
    (fp_line (start 4 4) (end -4 4) (layer F.CrtYd) (width 0.25))
    (fp_line (start 4 -4) (end 4 4) (layer F.CrtYd) (width 0.25))
    (fp_line (start -4 -4) (end 4 -4) (layer F.CrtYd) (width 0.25))
    (fp_line (start -3.3 3.3) (end -3.3 -3.3) (layer F.SilkS) (width 0.25))
    (fp_line (start 3.3 3.3) (end -3.3 3.3) (layer F.SilkS) (width 0.25))
    (fp_line (start 3.3 -3.3) (end 3.3 3.3) (layer F.SilkS) (width 0.25))
    (fp_line (start -3.3 -3.3) (end 3.3 -3.3) (layer F.SilkS) (width 0.25))
    (fp_circle (center 0 0) (end 2.2 0) (layer F.Fab) (width 0.25))
    (fp_line (start -2.9 2.9) (end -2.9 -2.9) (layer F.Fab) (width 0.25))
    (fp_line (start 2.9 2.9) (end -2.9 2.9) (layer F.Fab) (width 0.25))
    (fp_line (start 2.9 -2.9) (end 2.9 2.9) (layer F.Fab) (width 0.25))
    (fp_line (start -2.9 -2.9) (end 2.9 -2.9) (layer F.Fab) (width 0.25))
    (pad 2 smd custom (at 0 2.675 180) (size 6.3 0.95) (layers F.Cu F.Paste F.Mask)
      (net 112 +2V5) (zone_connect 2)
      (options (clearance outline) (anchor rect))
      (primitives
        (gr_poly (pts
           (xy -3.15 0) (xy -3.15 -1.725) (xy -1.984 -1.725) (xy -1.499 -1.065) (xy -0.805 -0.628)
           (xy 0 -0.475) (xy 0.805 -0.628) (xy 1.499 -1.065) (xy 1.984 -1.725) (xy 3.15 -1.725)
           (xy 3.15 0)) (width 0))
      ))
    (pad 1 smd custom (at 0 -2.675 180) (size 6.3 0.95) (layers F.Cu F.Paste F.Mask)
      (net 120 /Power_Supply/SW2) (zone_connect 2)
      (options (clearance outline) (anchor rect))
      (primitives
        (gr_poly (pts
           (xy -3.15 0) (xy -3.15 1.725) (xy -1.984 1.725) (xy -1.499 1.065) (xy -0.805 0.628)
           (xy 0 0.475) (xy 0.805 0.628) (xy 1.499 1.065) (xy 1.984 1.725) (xy 3.15 1.725)
           (xy 3.15 0)) (width 0))
      ))
  )

  (module myfp:RJ45_Amphenol_RJE73-188-00XX1-0X (layer F.Cu) (tedit 638F75EB) (tstamp 638EFF2A)
    (at 25.4 40.64 270)
    (path /638E68FB/63B2000C)
    (fp_text reference J201 (at -9.525 -6.35) (layer F.SilkS)
      (effects (font (size 1 1) (thickness 0.15)))
    )
    (fp_text value 8P8C_LED_Shielded (at 0 0.635 270) (layer F.Fab)
      (effects (font (size 1 1) (thickness 0.15)))
    )
    (fp_line (start -9.525 0) (end 9.525 0) (layer F.CrtYd) (width 0.25))
    (fp_line (start 9.525 -13.335) (end 9.525 0) (layer F.CrtYd) (width 0.25))
    (fp_line (start -9.525 -13.335) (end 9.525 -13.335) (layer F.CrtYd) (width 0.25))
    (fp_line (start -9.525 0) (end -9.525 -13.335) (layer F.CrtYd) (width 0.25))
    (fp_line (start 8.07 -12.25) (end 8.07 0) (layer F.SilkS) (width 0.25))
    (fp_line (start -8.07 -12.25) (end 8.07 -12.25) (layer F.SilkS) (width 0.25))
    (fp_line (start -8.07 0) (end -8.07 -12.25) (layer F.SilkS) (width 0.25))
    (fp_line (start -8.07 -12.25) (end -8.07 2.85) (layer F.Fab) (width 0.25))
    (fp_line (start 8.07 -12.25) (end -8.07 -12.25) (layer F.Fab) (width 0.25))
    (fp_line (start 8.07 2.85) (end 8.07 -12.25) (layer F.Fab) (width 0.25))
    (fp_line (start -8.07 2.85) (end 8.07 2.85) (layer F.Fab) (width 0.25))
    (fp_line (start 3.35 -1.65) (end 3.35 0) (layer F.Fab) (width 0.25))
    (fp_line (start -3.35 -1.65) (end 3.35 -1.65) (layer F.Fab) (width 0.25))
    (fp_line (start -3.35 0) (end -3.35 -1.65) (layer F.Fab) (width 0.25))
    (pad 11 thru_hole circle (at 4.47 -9.6 270) (size 1.6 1.6) (drill 1.1) (layers *.Cu *.Mask)
      (net 35 "Net-(J201-Pad11)"))
    (pad 10 thru_hole circle (at -4.47 -9.6 270) (size 1.6 1.6) (drill 1.1) (layers *.Cu *.Mask)
      (net 34 "Net-(J201-Pad10)"))
    (pad 12 thru_hole circle (at 7.01 -9.6 270) (size 1.6 1.6) (drill 1.1) (layers *.Cu *.Mask)
      (net 33 "Net-(J201-Pad12)"))
    (pad 9 thru_hole circle (at -7.01 -9.6 270) (size 1.6 1.6) (drill 1.1) (layers *.Cu *.Mask)
      (net 32 "Net-(J201-Pad9)"))
    (pad 8 thru_hole circle (at 3.556 -4.55 270) (size 1.2954 1.2954) (drill 0.889) (layers *.Cu *.Mask)
      (net 24 /Ethernet1/ETH_TX3-))
    (pad 7 thru_hole circle (at 2.54 -6.33 270) (size 1.2954 1.2954) (drill 0.889) (layers *.Cu *.Mask)
      (net 25 /Ethernet1/ETH_TX3+))
    (pad 6 thru_hole circle (at 1.524 -4.55 270) (size 1.2954 1.2954) (drill 0.889) (layers *.Cu *.Mask)
      (net 28 /Ethernet1/ETH_TX1-))
    (pad 5 thru_hole circle (at 0.508 -6.33 270) (size 1.2954 1.2954) (drill 0.889) (layers *.Cu *.Mask)
      (net 26 /Ethernet1/ETH_TX2-))
    (pad 4 thru_hole circle (at -0.508 -4.55 270) (size 1.2954 1.2954) (drill 0.889) (layers *.Cu *.Mask)
      (net 27 /Ethernet1/ETH_TX2+))
    (pad 3 thru_hole circle (at -1.524 -6.33 270) (size 1.2954 1.2954) (drill 0.889) (layers *.Cu *.Mask)
      (net 29 /Ethernet1/ETH_TX1+))
    (pad 2 thru_hole circle (at -2.54 -4.55 270) (size 1.2954 1.2954) (drill 0.889) (layers *.Cu *.Mask)
      (net 30 /Ethernet1/ETH_TX0-))
    (pad 1 thru_hole circle (at -3.556 -6.33 270) (size 1.2954 1.2954) (drill 0.889) (layers *.Cu *.Mask)
      (net 31 /Ethernet1/ETH_TX0+))
    (pad SH thru_hole oval (at 8 -1.65 270) (size 1.3 2.5) (drill oval 0.8 2) (layers *.Cu *.Mask)
      (net 79 /Ethernet1/gnd_eth))
    (pad SH thru_hole oval (at -8 -1.65 270) (size 1.3 2.5) (drill oval 0.8 2) (layers *.Cu *.Mask)
      (net 79 /Ethernet1/gnd_eth))
    (pad "" np_thru_hole circle (at 5.74 -6 270) (size 2.3 2.3) (drill 1.8) (layers *.Cu *.Mask))
    (pad "" np_thru_hole circle (at -5.74 -6 270) (size 2.3 2.3) (drill 1.8) (layers *.Cu *.Mask))
  )

  (module myfp:RJ45_Amphenol_RJE73-188-00XX1-0X (layer F.Cu) (tedit 638F75EB) (tstamp 638EC9C1)
    (at 127 50.8 90)
    (path /638EC3A5/63B2000C)
    (fp_text reference J301 (at 9.525 -6.35 180) (layer F.SilkS)
      (effects (font (size 1 1) (thickness 0.15)))
    )
    (fp_text value 8P8C_LED_Shielded (at 0 0.635 90) (layer F.Fab)
      (effects (font (size 1 1) (thickness 0.15)))
    )
    (fp_line (start -9.525 0) (end 9.525 0) (layer F.CrtYd) (width 0.25))
    (fp_line (start 9.525 -13.335) (end 9.525 0) (layer F.CrtYd) (width 0.25))
    (fp_line (start -9.525 -13.335) (end 9.525 -13.335) (layer F.CrtYd) (width 0.25))
    (fp_line (start -9.525 0) (end -9.525 -13.335) (layer F.CrtYd) (width 0.25))
    (fp_line (start 8.07 -12.25) (end 8.07 0) (layer F.SilkS) (width 0.25))
    (fp_line (start -8.07 -12.25) (end 8.07 -12.25) (layer F.SilkS) (width 0.25))
    (fp_line (start -8.07 0) (end -8.07 -12.25) (layer F.SilkS) (width 0.25))
    (fp_line (start -8.07 -12.25) (end -8.07 2.85) (layer F.Fab) (width 0.25))
    (fp_line (start 8.07 -12.25) (end -8.07 -12.25) (layer F.Fab) (width 0.25))
    (fp_line (start 8.07 2.85) (end 8.07 -12.25) (layer F.Fab) (width 0.25))
    (fp_line (start -8.07 2.85) (end 8.07 2.85) (layer F.Fab) (width 0.25))
    (fp_line (start 3.35 -1.65) (end 3.35 0) (layer F.Fab) (width 0.25))
    (fp_line (start -3.35 -1.65) (end 3.35 -1.65) (layer F.Fab) (width 0.25))
    (fp_line (start -3.35 0) (end -3.35 -1.65) (layer F.Fab) (width 0.25))
    (pad 11 thru_hole circle (at 4.47 -9.6 90) (size 1.6 1.6) (drill 1.1) (layers *.Cu *.Mask)
      (net 50 "Net-(J301-Pad11)"))
    (pad 10 thru_hole circle (at -4.47 -9.6 90) (size 1.6 1.6) (drill 1.1) (layers *.Cu *.Mask)
      (net 49 "Net-(J301-Pad10)"))
    (pad 12 thru_hole circle (at 7.01 -9.6 90) (size 1.6 1.6) (drill 1.1) (layers *.Cu *.Mask)
      (net 48 "Net-(J301-Pad12)"))
    (pad 9 thru_hole circle (at -7.01 -9.6 90) (size 1.6 1.6) (drill 1.1) (layers *.Cu *.Mask)
      (net 47 "Net-(J301-Pad9)"))
    (pad 8 thru_hole circle (at 3.556 -4.55 90) (size 1.2954 1.2954) (drill 0.889) (layers *.Cu *.Mask)
      (net 46 /Ethernet2/ETH_TX3-))
    (pad 7 thru_hole circle (at 2.54 -6.33 90) (size 1.2954 1.2954) (drill 0.889) (layers *.Cu *.Mask)
      (net 45 /Ethernet2/ETH_TX3+))
    (pad 6 thru_hole circle (at 1.524 -4.55 90) (size 1.2954 1.2954) (drill 0.889) (layers *.Cu *.Mask)
      (net 42 /Ethernet2/ETH_TX1-))
    (pad 5 thru_hole circle (at 0.508 -6.33 90) (size 1.2954 1.2954) (drill 0.889) (layers *.Cu *.Mask)
      (net 44 /Ethernet2/ETH_TX2-))
    (pad 4 thru_hole circle (at -0.508 -4.55 90) (size 1.2954 1.2954) (drill 0.889) (layers *.Cu *.Mask)
      (net 43 /Ethernet2/ETH_TX2+))
    (pad 3 thru_hole circle (at -1.524 -6.33 90) (size 1.2954 1.2954) (drill 0.889) (layers *.Cu *.Mask)
      (net 41 /Ethernet2/ETH_TX1+))
    (pad 2 thru_hole circle (at -2.54 -4.55 90) (size 1.2954 1.2954) (drill 0.889) (layers *.Cu *.Mask)
      (net 40 /Ethernet2/ETH_TX0-))
    (pad 1 thru_hole circle (at -3.556 -6.33 90) (size 1.2954 1.2954) (drill 0.889) (layers *.Cu *.Mask)
      (net 39 /Ethernet2/ETH_TX0+))
    (pad SH thru_hole oval (at 8 -1.65 90) (size 1.3 2.5) (drill oval 0.8 2) (layers *.Cu *.Mask)
      (net 84 /Ethernet2/gnd_eth))
    (pad SH thru_hole oval (at -8 -1.65 90) (size 1.3 2.5) (drill oval 0.8 2) (layers *.Cu *.Mask)
      (net 84 /Ethernet2/gnd_eth))
    (pad "" np_thru_hole circle (at 5.74 -6 90) (size 2.3 2.3) (drill 1.8) (layers *.Cu *.Mask))
    (pad "" np_thru_hole circle (at -5.74 -6 90) (size 2.3 2.3) (drill 1.8) (layers *.Cu *.Mask))
  )

  (module Capacitor_SMD:C_0603_1608Metric (layer F.Cu) (tedit 5B301BBE) (tstamp 638F3EE2)
    (at 50.8 5.715)
    (descr "Capacitor SMD 0603 (1608 Metric), square (rectangular) end terminal, IPC_7351 nominal, (Body size source: http://www.tortai-tech.com/upload/download/2011102023233369053.pdf), generated with kicad-footprint-generator")
    (tags capacitor)
    (path /638E68FB/639B9E37)
    (attr smd)
    (fp_text reference C201 (at 0 -1.43) (layer F.SilkS)
      (effects (font (size 1 1) (thickness 0.15)))
    )
    (fp_text value 10n (at 0 1.43) (layer F.Fab)
      (effects (font (size 1 1) (thickness 0.15)))
    )
    (fp_text user %R (at 0 0) (layer F.Fab)
      (effects (font (size 0.4 0.4) (thickness 0.06)))
    )
    (fp_line (start 1.48 0.73) (end -1.48 0.73) (layer F.CrtYd) (width 0.05))
    (fp_line (start 1.48 -0.73) (end 1.48 0.73) (layer F.CrtYd) (width 0.05))
    (fp_line (start -1.48 -0.73) (end 1.48 -0.73) (layer F.CrtYd) (width 0.05))
    (fp_line (start -1.48 0.73) (end -1.48 -0.73) (layer F.CrtYd) (width 0.05))
    (fp_line (start -0.162779 0.51) (end 0.162779 0.51) (layer F.SilkS) (width 0.12))
    (fp_line (start -0.162779 -0.51) (end 0.162779 -0.51) (layer F.SilkS) (width 0.12))
    (fp_line (start 0.8 0.4) (end -0.8 0.4) (layer F.Fab) (width 0.1))
    (fp_line (start 0.8 -0.4) (end 0.8 0.4) (layer F.Fab) (width 0.1))
    (fp_line (start -0.8 -0.4) (end 0.8 -0.4) (layer F.Fab) (width 0.1))
    (fp_line (start -0.8 0.4) (end -0.8 -0.4) (layer F.Fab) (width 0.1))
    (pad 2 smd roundrect (at 0.7875 0) (size 0.875 0.95) (layers F.Cu F.Paste F.Mask) (roundrect_rratio 0.25)
      (net 1 GND))
    (pad 1 smd roundrect (at -0.7875 0) (size 0.875 0.95) (layers F.Cu F.Paste F.Mask) (roundrect_rratio 0.25)
      (net 19 /Ethernet1/VDD_ETH))
    (model ${KISYS3DMOD}/Capacitor_SMD.3dshapes/C_0603_1608Metric.wrl
      (at (xyz 0 0 0))
      (scale (xyz 1 1 1))
      (rotate (xyz 0 0 0))
    )
  )

  (module Capacitor_SMD:C_0603_1608Metric (layer B.Cu) (tedit 5B301BBE) (tstamp 638F9511)
    (at 53.975 34.925 180)
    (descr "Capacitor SMD 0603 (1608 Metric), square (rectangular) end terminal, IPC_7351 nominal, (Body size source: http://www.tortai-tech.com/upload/download/2011102023233369053.pdf), generated with kicad-footprint-generator")
    (tags capacitor)
    (path /638E68FB/6391E1FD)
    (attr smd)
    (fp_text reference C202 (at 0.762 -1.524 180) (layer B.SilkS)
      (effects (font (size 1 1) (thickness 0.15)) (justify mirror))
    )
    (fp_text value 22n (at 0 -1.43 180) (layer B.Fab)
      (effects (font (size 1 1) (thickness 0.15)) (justify mirror))
    )
    (fp_line (start -0.8 -0.4) (end -0.8 0.4) (layer B.Fab) (width 0.1))
    (fp_line (start -0.8 0.4) (end 0.8 0.4) (layer B.Fab) (width 0.1))
    (fp_line (start 0.8 0.4) (end 0.8 -0.4) (layer B.Fab) (width 0.1))
    (fp_line (start 0.8 -0.4) (end -0.8 -0.4) (layer B.Fab) (width 0.1))
    (fp_line (start -0.162779 0.51) (end 0.162779 0.51) (layer B.SilkS) (width 0.12))
    (fp_line (start -0.162779 -0.51) (end 0.162779 -0.51) (layer B.SilkS) (width 0.12))
    (fp_line (start -1.48 -0.73) (end -1.48 0.73) (layer B.CrtYd) (width 0.05))
    (fp_line (start -1.48 0.73) (end 1.48 0.73) (layer B.CrtYd) (width 0.05))
    (fp_line (start 1.48 0.73) (end 1.48 -0.73) (layer B.CrtYd) (width 0.05))
    (fp_line (start 1.48 -0.73) (end -1.48 -0.73) (layer B.CrtYd) (width 0.05))
    (fp_text user %R (at 0 0 180) (layer B.Fab)
      (effects (font (size 0.4 0.4) (thickness 0.06)) (justify mirror))
    )
    (pad 1 smd roundrect (at -0.7875 0 180) (size 0.875 0.95) (layers B.Cu B.Paste B.Mask) (roundrect_rratio 0.25)
      (net 19 /Ethernet1/VDD_ETH))
    (pad 2 smd roundrect (at 0.7875 0 180) (size 0.875 0.95) (layers B.Cu B.Paste B.Mask) (roundrect_rratio 0.25)
      (net 1 GND))
    (model ${KISYS3DMOD}/Capacitor_SMD.3dshapes/C_0603_1608Metric.wrl
      (at (xyz 0 0 0))
      (scale (xyz 1 1 1))
      (rotate (xyz 0 0 0))
    )
  )

  (module Capacitor_SMD:C_0603_1608Metric (layer B.Cu) (tedit 5B301BBE) (tstamp 638F3F04)
    (at 53.975 38.1 180)
    (descr "Capacitor SMD 0603 (1608 Metric), square (rectangular) end terminal, IPC_7351 nominal, (Body size source: http://www.tortai-tech.com/upload/download/2011102023233369053.pdf), generated with kicad-footprint-generator")
    (tags capacitor)
    (path /638E68FB/6391E373)
    (attr smd)
    (fp_text reference C203 (at 0.635 -1.397 180) (layer B.SilkS)
      (effects (font (size 1 1) (thickness 0.15)) (justify mirror))
    )
    (fp_text value 22n (at 0 -1.43 180) (layer B.Fab)
      (effects (font (size 1 1) (thickness 0.15)) (justify mirror))
    )
    (fp_text user %R (at 0 0 180) (layer B.Fab)
      (effects (font (size 0.4 0.4) (thickness 0.06)) (justify mirror))
    )
    (fp_line (start 1.48 -0.73) (end -1.48 -0.73) (layer B.CrtYd) (width 0.05))
    (fp_line (start 1.48 0.73) (end 1.48 -0.73) (layer B.CrtYd) (width 0.05))
    (fp_line (start -1.48 0.73) (end 1.48 0.73) (layer B.CrtYd) (width 0.05))
    (fp_line (start -1.48 -0.73) (end -1.48 0.73) (layer B.CrtYd) (width 0.05))
    (fp_line (start -0.162779 -0.51) (end 0.162779 -0.51) (layer B.SilkS) (width 0.12))
    (fp_line (start -0.162779 0.51) (end 0.162779 0.51) (layer B.SilkS) (width 0.12))
    (fp_line (start 0.8 -0.4) (end -0.8 -0.4) (layer B.Fab) (width 0.1))
    (fp_line (start 0.8 0.4) (end 0.8 -0.4) (layer B.Fab) (width 0.1))
    (fp_line (start -0.8 0.4) (end 0.8 0.4) (layer B.Fab) (width 0.1))
    (fp_line (start -0.8 -0.4) (end -0.8 0.4) (layer B.Fab) (width 0.1))
    (pad 2 smd roundrect (at 0.7875 0 180) (size 0.875 0.95) (layers B.Cu B.Paste B.Mask) (roundrect_rratio 0.25)
      (net 1 GND))
    (pad 1 smd roundrect (at -0.7875 0 180) (size 0.875 0.95) (layers B.Cu B.Paste B.Mask) (roundrect_rratio 0.25)
      (net 19 /Ethernet1/VDD_ETH))
    (model ${KISYS3DMOD}/Capacitor_SMD.3dshapes/C_0603_1608Metric.wrl
      (at (xyz 0 0 0))
      (scale (xyz 1 1 1))
      (rotate (xyz 0 0 0))
    )
  )

  (module Capacitor_SMD:C_0603_1608Metric (layer B.Cu) (tedit 5B301BBE) (tstamp 638F3F15)
    (at 53.975 41.91 180)
    (descr "Capacitor SMD 0603 (1608 Metric), square (rectangular) end terminal, IPC_7351 nominal, (Body size source: http://www.tortai-tech.com/upload/download/2011102023233369053.pdf), generated with kicad-footprint-generator")
    (tags capacitor)
    (path /638E68FB/639228A4)
    (attr smd)
    (fp_text reference C204 (at 0.635 -1.397 180) (layer B.SilkS)
      (effects (font (size 1 1) (thickness 0.15)) (justify mirror))
    )
    (fp_text value 22n (at 0 -1.43 180) (layer B.Fab)
      (effects (font (size 1 1) (thickness 0.15)) (justify mirror))
    )
    (fp_line (start -0.8 -0.4) (end -0.8 0.4) (layer B.Fab) (width 0.1))
    (fp_line (start -0.8 0.4) (end 0.8 0.4) (layer B.Fab) (width 0.1))
    (fp_line (start 0.8 0.4) (end 0.8 -0.4) (layer B.Fab) (width 0.1))
    (fp_line (start 0.8 -0.4) (end -0.8 -0.4) (layer B.Fab) (width 0.1))
    (fp_line (start -0.162779 0.51) (end 0.162779 0.51) (layer B.SilkS) (width 0.12))
    (fp_line (start -0.162779 -0.51) (end 0.162779 -0.51) (layer B.SilkS) (width 0.12))
    (fp_line (start -1.48 -0.73) (end -1.48 0.73) (layer B.CrtYd) (width 0.05))
    (fp_line (start -1.48 0.73) (end 1.48 0.73) (layer B.CrtYd) (width 0.05))
    (fp_line (start 1.48 0.73) (end 1.48 -0.73) (layer B.CrtYd) (width 0.05))
    (fp_line (start 1.48 -0.73) (end -1.48 -0.73) (layer B.CrtYd) (width 0.05))
    (fp_text user %R (at 0 0 180) (layer B.Fab)
      (effects (font (size 0.4 0.4) (thickness 0.06)) (justify mirror))
    )
    (pad 1 smd roundrect (at -0.7875 0 180) (size 0.875 0.95) (layers B.Cu B.Paste B.Mask) (roundrect_rratio 0.25)
      (net 19 /Ethernet1/VDD_ETH))
    (pad 2 smd roundrect (at 0.7875 0 180) (size 0.875 0.95) (layers B.Cu B.Paste B.Mask) (roundrect_rratio 0.25)
      (net 1 GND))
    (model ${KISYS3DMOD}/Capacitor_SMD.3dshapes/C_0603_1608Metric.wrl
      (at (xyz 0 0 0))
      (scale (xyz 1 1 1))
      (rotate (xyz 0 0 0))
    )
  )

  (module Capacitor_SMD:C_0603_1608Metric (layer B.Cu) (tedit 5B301BBE) (tstamp 638F3F26)
    (at 53.975 45.72 180)
    (descr "Capacitor SMD 0603 (1608 Metric), square (rectangular) end terminal, IPC_7351 nominal, (Body size source: http://www.tortai-tech.com/upload/download/2011102023233369053.pdf), generated with kicad-footprint-generator")
    (tags capacitor)
    (path /638E68FB/639228AB)
    (attr smd)
    (fp_text reference C205 (at 0.635 -1.397 180) (layer B.SilkS)
      (effects (font (size 1 1) (thickness 0.15)) (justify mirror))
    )
    (fp_text value 22n (at 0 -1.43 180) (layer B.Fab)
      (effects (font (size 1 1) (thickness 0.15)) (justify mirror))
    )
    (fp_text user %R (at 0 0 180) (layer B.Fab)
      (effects (font (size 0.4 0.4) (thickness 0.06)) (justify mirror))
    )
    (fp_line (start 1.48 -0.73) (end -1.48 -0.73) (layer B.CrtYd) (width 0.05))
    (fp_line (start 1.48 0.73) (end 1.48 -0.73) (layer B.CrtYd) (width 0.05))
    (fp_line (start -1.48 0.73) (end 1.48 0.73) (layer B.CrtYd) (width 0.05))
    (fp_line (start -1.48 -0.73) (end -1.48 0.73) (layer B.CrtYd) (width 0.05))
    (fp_line (start -0.162779 -0.51) (end 0.162779 -0.51) (layer B.SilkS) (width 0.12))
    (fp_line (start -0.162779 0.51) (end 0.162779 0.51) (layer B.SilkS) (width 0.12))
    (fp_line (start 0.8 -0.4) (end -0.8 -0.4) (layer B.Fab) (width 0.1))
    (fp_line (start 0.8 0.4) (end 0.8 -0.4) (layer B.Fab) (width 0.1))
    (fp_line (start -0.8 0.4) (end 0.8 0.4) (layer B.Fab) (width 0.1))
    (fp_line (start -0.8 -0.4) (end -0.8 0.4) (layer B.Fab) (width 0.1))
    (pad 2 smd roundrect (at 0.7875 0 180) (size 0.875 0.95) (layers B.Cu B.Paste B.Mask) (roundrect_rratio 0.25)
      (net 1 GND))
    (pad 1 smd roundrect (at -0.7875 0 180) (size 0.875 0.95) (layers B.Cu B.Paste B.Mask) (roundrect_rratio 0.25)
      (net 19 /Ethernet1/VDD_ETH))
    (model ${KISYS3DMOD}/Capacitor_SMD.3dshapes/C_0603_1608Metric.wrl
      (at (xyz 0 0 0))
      (scale (xyz 1 1 1))
      (rotate (xyz 0 0 0))
    )
  )

  (module Capacitor_SMD:C_0603_1608Metric (layer B.Cu) (tedit 5B301BBE) (tstamp 638F3F8C)
    (at 63.881 37.719)
    (descr "Capacitor SMD 0603 (1608 Metric), square (rectangular) end terminal, IPC_7351 nominal, (Body size source: http://www.tortai-tech.com/upload/download/2011102023233369053.pdf), generated with kicad-footprint-generator")
    (tags capacitor)
    (path /638E68FB/638EB006)
    (attr smd)
    (fp_text reference C211 (at -2.921 8.382) (layer B.SilkS)
      (effects (font (size 1 1) (thickness 0.15)) (justify mirror))
    )
    (fp_text value 10n (at 0 -1.43) (layer B.Fab)
      (effects (font (size 1 1) (thickness 0.15)) (justify mirror))
    )
    (fp_line (start -0.8 -0.4) (end -0.8 0.4) (layer B.Fab) (width 0.1))
    (fp_line (start -0.8 0.4) (end 0.8 0.4) (layer B.Fab) (width 0.1))
    (fp_line (start 0.8 0.4) (end 0.8 -0.4) (layer B.Fab) (width 0.1))
    (fp_line (start 0.8 -0.4) (end -0.8 -0.4) (layer B.Fab) (width 0.1))
    (fp_line (start -0.162779 0.51) (end 0.162779 0.51) (layer B.SilkS) (width 0.12))
    (fp_line (start -0.162779 -0.51) (end 0.162779 -0.51) (layer B.SilkS) (width 0.12))
    (fp_line (start -1.48 -0.73) (end -1.48 0.73) (layer B.CrtYd) (width 0.05))
    (fp_line (start -1.48 0.73) (end 1.48 0.73) (layer B.CrtYd) (width 0.05))
    (fp_line (start 1.48 0.73) (end 1.48 -0.73) (layer B.CrtYd) (width 0.05))
    (fp_line (start 1.48 -0.73) (end -1.48 -0.73) (layer B.CrtYd) (width 0.05))
    (fp_text user %R (at 0 0) (layer B.Fab)
      (effects (font (size 0.4 0.4) (thickness 0.06)) (justify mirror))
    )
    (pad 1 smd roundrect (at -0.7875 0) (size 0.875 0.95) (layers B.Cu B.Paste B.Mask) (roundrect_rratio 0.25)
      (net 20 /Ethernet1/VDD12A))
    (pad 2 smd roundrect (at 0.7875 0) (size 0.875 0.95) (layers B.Cu B.Paste B.Mask) (roundrect_rratio 0.25)
      (net 1 GND))
    (model ${KISYS3DMOD}/Capacitor_SMD.3dshapes/C_0603_1608Metric.wrl
      (at (xyz 0 0 0))
      (scale (xyz 1 1 1))
      (rotate (xyz 0 0 0))
    )
  )

  (module Capacitor_SMD:C_0603_1608Metric (layer B.Cu) (tedit 5B301BBE) (tstamp 638F3F9D)
    (at 63.881 39.37)
    (descr "Capacitor SMD 0603 (1608 Metric), square (rectangular) end terminal, IPC_7351 nominal, (Body size source: http://www.tortai-tech.com/upload/download/2011102023233369053.pdf), generated with kicad-footprint-generator")
    (tags capacitor)
    (path /638E68FB/638EB00D)
    (attr smd)
    (fp_text reference C212 (at -2.921 8.001) (layer B.SilkS)
      (effects (font (size 1 1) (thickness 0.15)) (justify mirror))
    )
    (fp_text value 10n (at 0 -1.43) (layer B.Fab)
      (effects (font (size 1 1) (thickness 0.15)) (justify mirror))
    )
    (fp_line (start -0.8 -0.4) (end -0.8 0.4) (layer B.Fab) (width 0.1))
    (fp_line (start -0.8 0.4) (end 0.8 0.4) (layer B.Fab) (width 0.1))
    (fp_line (start 0.8 0.4) (end 0.8 -0.4) (layer B.Fab) (width 0.1))
    (fp_line (start 0.8 -0.4) (end -0.8 -0.4) (layer B.Fab) (width 0.1))
    (fp_line (start -0.162779 0.51) (end 0.162779 0.51) (layer B.SilkS) (width 0.12))
    (fp_line (start -0.162779 -0.51) (end 0.162779 -0.51) (layer B.SilkS) (width 0.12))
    (fp_line (start -1.48 -0.73) (end -1.48 0.73) (layer B.CrtYd) (width 0.05))
    (fp_line (start -1.48 0.73) (end 1.48 0.73) (layer B.CrtYd) (width 0.05))
    (fp_line (start 1.48 0.73) (end 1.48 -0.73) (layer B.CrtYd) (width 0.05))
    (fp_line (start 1.48 -0.73) (end -1.48 -0.73) (layer B.CrtYd) (width 0.05))
    (fp_text user %R (at 0 0) (layer B.Fab)
      (effects (font (size 0.4 0.4) (thickness 0.06)) (justify mirror))
    )
    (pad 1 smd roundrect (at -0.7875 0) (size 0.875 0.95) (layers B.Cu B.Paste B.Mask) (roundrect_rratio 0.25)
      (net 20 /Ethernet1/VDD12A))
    (pad 2 smd roundrect (at 0.7875 0) (size 0.875 0.95) (layers B.Cu B.Paste B.Mask) (roundrect_rratio 0.25)
      (net 1 GND))
    (model ${KISYS3DMOD}/Capacitor_SMD.3dshapes/C_0603_1608Metric.wrl
      (at (xyz 0 0 0))
      (scale (xyz 1 1 1))
      (rotate (xyz 0 0 0))
    )
  )

  (module Capacitor_SMD:C_0603_1608Metric (layer B.Cu) (tedit 5B301BBE) (tstamp 638F3FAE)
    (at 64.008 42.926)
    (descr "Capacitor SMD 0603 (1608 Metric), square (rectangular) end terminal, IPC_7351 nominal, (Body size source: http://www.tortai-tech.com/upload/download/2011102023233369053.pdf), generated with kicad-footprint-generator")
    (tags capacitor)
    (path /638E68FB/638EB014)
    (attr smd)
    (fp_text reference C213 (at -3.048 6.985) (layer B.SilkS)
      (effects (font (size 1 1) (thickness 0.15)) (justify mirror))
    )
    (fp_text value 10n (at 0 -1.43) (layer B.Fab)
      (effects (font (size 1 1) (thickness 0.15)) (justify mirror))
    )
    (fp_text user %R (at 0 0) (layer B.Fab)
      (effects (font (size 0.4 0.4) (thickness 0.06)) (justify mirror))
    )
    (fp_line (start 1.48 -0.73) (end -1.48 -0.73) (layer B.CrtYd) (width 0.05))
    (fp_line (start 1.48 0.73) (end 1.48 -0.73) (layer B.CrtYd) (width 0.05))
    (fp_line (start -1.48 0.73) (end 1.48 0.73) (layer B.CrtYd) (width 0.05))
    (fp_line (start -1.48 -0.73) (end -1.48 0.73) (layer B.CrtYd) (width 0.05))
    (fp_line (start -0.162779 -0.51) (end 0.162779 -0.51) (layer B.SilkS) (width 0.12))
    (fp_line (start -0.162779 0.51) (end 0.162779 0.51) (layer B.SilkS) (width 0.12))
    (fp_line (start 0.8 -0.4) (end -0.8 -0.4) (layer B.Fab) (width 0.1))
    (fp_line (start 0.8 0.4) (end 0.8 -0.4) (layer B.Fab) (width 0.1))
    (fp_line (start -0.8 0.4) (end 0.8 0.4) (layer B.Fab) (width 0.1))
    (fp_line (start -0.8 -0.4) (end -0.8 0.4) (layer B.Fab) (width 0.1))
    (pad 2 smd roundrect (at 0.7875 0) (size 0.875 0.95) (layers B.Cu B.Paste B.Mask) (roundrect_rratio 0.25)
      (net 1 GND))
    (pad 1 smd roundrect (at -0.7875 0) (size 0.875 0.95) (layers B.Cu B.Paste B.Mask) (roundrect_rratio 0.25)
      (net 20 /Ethernet1/VDD12A))
