(kicad_pcb (version 20171130) (host pcbnew 5.0.2+dfsg1-1)

  (general
    (thickness 1.6002)
    (drawings 26)
    (tracks 274)
    (zones 0)
    (modules 96)
    (nets 131)
  )

  (page B)
  (title_block
    (title JVC43A)
    (date 2022-12-05)
    (rev NC)
  )

  (layers
    (0 F.Cu signal)
    (1 L2.Cu power hide)
    (2 L3.Cu signal)
    (3 L4.Cu signal)
    (4 L5.Cu power)
    (31 B.Cu signal)
    (32 B.Adhes user hide)
    (33 F.Adhes user hide)
    (34 B.Paste user hide)
    (35 F.Paste user hide)
    (36 B.SilkS user)
    (37 F.SilkS user)
    (38 B.Mask user hide)
    (39 F.Mask user hide)
    (40 Dwgs.User user)
    (41 Cmts.User user)
    (42 Eco1.User user)
    (43 Eco2.User user)
    (44 Edge.Cuts user)
    (45 Margin user)
    (46 B.CrtYd user)
    (47 F.CrtYd user)
    (48 B.Fab user hide)
    (49 F.Fab user hide)
  )

  (setup
    (last_trace_width 0.2032)
    (user_trace_width 0.2032)
    (user_trace_width 0.635)
    (trace_clearance 0.2032)
    (zone_clearance 0.2032)
    (zone_45_only no)
    (trace_min 0.2032)
    (segment_width 0.2)
    (edge_width 0.2032)
    (via_size 0.4572)
    (via_drill 0.2032)
    (via_min_size 0.4064)
    (via_min_drill 0.2032)
    (user_via 0.4572 0.2032)
    (user_via 0.635 0.381)
    (uvia_size 0.3)
    (uvia_drill 0.1)
    (uvias_allowed no)
    (uvia_min_size 0.2)
    (uvia_min_drill 0.1)
    (pcb_text_width 0.3)
    (pcb_text_size 1.5 1.5)
    (mod_edge_width 0.15)
    (mod_text_size 1 1)
    (mod_text_width 0.15)
    (pad_size 1.524 1.524)
    (pad_drill 0.762)
    (pad_to_mask_clearance 0.051)
    (solder_mask_min_width 0.25)
    (aux_axis_origin 0 0)
    (visible_elements FFFFFF7F)
    (pcbplotparams
      (layerselection 0x010fc_ffffffff)
      (usegerberextensions false)
      (usegerberattributes false)
      (usegerberadvancedattributes false)
      (creategerberjobfile false)
      (excludeedgelayer true)
      (linewidth 0.100000)
      (plotframeref false)
      (viasonmask false)
      (mode 1)
      (useauxorigin false)
      (hpglpennumber 1)
      (hpglpenspeed 20)
      (hpglpendiameter 15.000000)
      (psnegative false)
      (psa4output false)
      (plotreference true)
      (plotvalue true)
      (plotinvisibletext false)
      (padsonsilk false)
      (subtractmaskfromsilk false)
      (outputformat 1)
      (mirror false)
      (drillshape 1)
      (scaleselection 1)
      (outputdirectory ""))
  )

  (net 0 "")
  (net 1 GND)
  (net 2 "Net-(U201-Pad3)")
  (net 3 "Net-(U201-Pad5)")
  (net 4 /Ethernet1/RXD0)
  (net 5 /Ethernet1/RXD1)
  (net 6 /Ethernet1/RXD2)
  (net 7 /Ethernet1/RXD3)
  (net 8 /Ethernet1/RXD4)
  (net 9 /Ethernet1/RXD5)
  (net 10 /Ethernet1/RXD6)
  (net 11 /Ethernet1/RXD7)
  (net 12 "Net-(U201-Pad20)")
  (net 13 "Net-(U201-Pad21)")
  (net 14 "Net-(U201-Pad25)")
  (net 15 "Net-(U201-Pad42)")
  (net 16 "Net-(U201-Pad43)")
  (net 17 "Net-(U201-Pad44)")
  (net 18 "Net-(U201-Pad45)")
  (net 19 "Net-(U201-Pad46)")
  (net 20 "Net-(U201-Pad47)")
  (net 21 "Net-(U201-Pad50)")
  (net 22 "Net-(U201-Pad51)")
  (net 23 "Net-(U201-Pad55)")
  (net 24 /Ethernet1/ETH_TR3+)
  (net 25 /Ethernet1/ETH_TR3-)
  (net 26 /Ethernet1/ETH_TR2+)
  (net 27 /Ethernet1/ETH_TR2-)
  (net 28 /Ethernet1/ETH_TR1+)
  (net 29 /Ethernet1/ETH_TR1-)
  (net 30 /Ethernet1/ETH_TR0+)
  (net 31 /Ethernet1/ETH_TR0-)
  (net 32 /Ethernet1/VDD_ETH)
  (net 33 /Ethernet1/VDD12A)
  (net 34 +1V2)
  (net 35 /Ethernet1/VDD12PLL)
  (net 36 /Ethernet1/TXCLK)
  (net 37 /Ethernet1/VDDVARIO)
  (net 38 /Ethernet1/ETH_TX3-)
  (net 39 /Ethernet1/ETH_TX3+)
  (net 40 /Ethernet1/ETH_TX2-)
  (net 41 /Ethernet1/ETH_TX2+)
  (net 42 /Ethernet1/ETH_TX1-)
  (net 43 /Ethernet1/ETH_TX1+)
  (net 44 /Ethernet1/ETH_TX0-)
  (net 45 /Ethernet1/ETH_TX0+)
  (net 46 "Net-(J201-Pad9)")
  (net 47 "Net-(J201-Pad12)")
  (net 48 "Net-(J201-Pad10)")
  (net 49 "Net-(J201-Pad11)")
  (net 50 /Ethernet2/VDD_ETH)
  (net 51 /Ethernet2/VDD12A)
  (net 52 /Ethernet2/VDDVARIO)
  (net 53 /Ethernet2/VDD12PLL)
  (net 54 /Ethernet2/ETH_TX0+)
  (net 55 /Ethernet2/ETH_TX0-)
  (net 56 /Ethernet2/ETH_TX1+)
  (net 57 /Ethernet2/ETH_TX1-)
  (net 58 /Ethernet2/ETH_TX2+)
  (net 59 /Ethernet2/ETH_TX2-)
  (net 60 /Ethernet2/ETH_TX3+)
  (net 61 /Ethernet2/ETH_TX3-)
  (net 62 "Net-(J301-Pad9)")
  (net 63 "Net-(J301-Pad12)")
  (net 64 "Net-(J301-Pad10)")
  (net 65 "Net-(J301-Pad11)")
  (net 66 /Ethernet2/ETH_TR0-)
  (net 67 /Ethernet2/ETH_TR0+)
  (net 68 /Ethernet2/ETH_TR1-)
  (net 69 /Ethernet2/ETH_TR1+)
  (net 70 /Ethernet2/ETH_TR2-)
  (net 71 /Ethernet2/ETH_TR2+)
  (net 72 /Ethernet2/ETH_TR3-)
  (net 73 /Ethernet2/ETH_TR3+)
  (net 74 "Net-(U301-Pad3)")
  (net 75 "Net-(U301-Pad5)")
  (net 76 /Ethernet2/RXD0)
  (net 77 /Ethernet2/RXD1)
  (net 78 /Ethernet2/RXD2)
  (net 79 /Ethernet2/RXD3)
  (net 80 /Ethernet2/RXD4)
  (net 81 /Ethernet2/RXD5)
  (net 82 /Ethernet2/RXD6)
  (net 83 /Ethernet2/RXD7)
  (net 84 /Ethernet2/RXDV)
  (net 85 /Ethernet2/RXER)
  (net 86 "Net-(U301-Pad20)")
  (net 87 "Net-(U301-Pad21)")
  (net 88 /Ethernet2/RXCLK)
  (net 89 "Net-(U301-Pad25)")
  (net 90 /Ethernet2/TXCLK)
  (net 91 "Net-(U301-Pad42)")
  (net 92 "Net-(U301-Pad43)")
  (net 93 "Net-(U301-Pad44)")
  (net 94 "Net-(U301-Pad45)")
  (net 95 "Net-(U301-Pad46)")
  (net 96 "Net-(U301-Pad47)")
  (net 97 "Net-(U301-Pad50)")
  (net 98 "Net-(U301-Pad51)")
  (net 99 "Net-(U301-Pad55)")
  (net 100 /EN_W2B)
  (net 101 /ER_W2B)
  (net 102 /CLK_W2B)
  (net 103 "Net-(C206-Pad1)")
  (net 104 "Net-(C207-Pad1)")
  (net 105 "Net-(C208-Pad1)")
  (net 106 "Net-(C209-Pad1)")
  (net 107 /Ethernet1/gnd_eth)
  (net 108 "Net-(C306-Pad1)")
  (net 109 "Net-(C307-Pad1)")
  (net 110 "Net-(C308-Pad1)")
  (net 111 "Net-(C309-Pad1)")
  (net 112 /Ethernet2/gnd_eth)
  (net 113 /Ethernet1/MDIO)
  (net 114 /Ethernet2/MDIO)
  (net 115 /Ethernet1/eth_inter_gnd)
  (net 116 /Ethernet2/eth_inter_gnd)
  (net 117 /Ethernet1/ETH_CT0)
  (net 118 /Ethernet1/ETH_CT1)
  (net 119 /Ethernet1/ETH_CT2)
  (net 120 /Ethernet1/ETH_CT3)
  (net 121 /Ethernet2/ETH_CT0)
  (net 122 /Ethernet2/ETH_CT1)
  (net 123 /Ethernet2/ETH_CT2)
  (net 124 /Ethernet2/ETH_CT3)
  (net 125 /Ethernet1/IRQ)
  (net 126 /Ethernet2/IRQ)
  (net 127 /Ethernet1/XI)
  (net 128 /Ethernet2/XI)
  (net 129 /Ethernet1/ETHRBIAS)
  (net 130 /Ethernet2/ETHRBIAS)

  (net_class Default "This is the default net class."
    (clearance 0.2032)
    (trace_width 0.2032)
    (via_dia 0.4572)
    (via_drill 0.2032)
    (uvia_dia 0.3)
    (uvia_drill 0.1)
    (diff_pair_gap 0.20574)
    (diff_pair_width 0.22352)
    (add_net +1V2)
    (add_net /CLK_W2B)
    (add_net /EN_W2B)
    (add_net /ER_W2B)
    (add_net /Ethernet1/ETHRBIAS)
    (add_net /Ethernet1/ETH_CT0)
    (add_net /Ethernet1/ETH_CT1)
    (add_net /Ethernet1/ETH_CT2)
    (add_net /Ethernet1/ETH_CT3)
    (add_net /Ethernet1/ETH_TR0+)
    (add_net /Ethernet1/ETH_TR0-)
    (add_net /Ethernet1/ETH_TR1+)
    (add_net /Ethernet1/ETH_TR1-)
    (add_net /Ethernet1/ETH_TR2+)
    (add_net /Ethernet1/ETH_TR2-)
    (add_net /Ethernet1/ETH_TR3+)
    (add_net /Ethernet1/ETH_TR3-)
    (add_net /Ethernet1/ETH_TX0+)
    (add_net /Ethernet1/ETH_TX0-)
    (add_net /Ethernet1/ETH_TX1+)
    (add_net /Ethernet1/ETH_TX1-)
    (add_net /Ethernet1/ETH_TX2+)
    (add_net /Ethernet1/ETH_TX2-)
    (add_net /Ethernet1/ETH_TX3+)
    (add_net /Ethernet1/ETH_TX3-)
    (add_net /Ethernet1/IRQ)
    (add_net /Ethernet1/MDIO)
    (add_net /Ethernet1/RXD0)
    (add_net /Ethernet1/RXD1)
    (add_net /Ethernet1/RXD2)
    (add_net /Ethernet1/RXD3)
    (add_net /Ethernet1/RXD4)
    (add_net /Ethernet1/RXD5)
    (add_net /Ethernet1/RXD6)
    (add_net /Ethernet1/RXD7)
    (add_net /Ethernet1/TXCLK)
    (add_net /Ethernet1/VDD12A)
    (add_net /Ethernet1/VDD12PLL)
    (add_net /Ethernet1/VDDVARIO)
    (add_net /Ethernet1/VDD_ETH)
    (add_net /Ethernet1/XI)
    (add_net /Ethernet2/ETHRBIAS)
    (add_net /Ethernet2/ETH_CT0)
    (add_net /Ethernet2/ETH_CT1)
    (add_net /Ethernet2/ETH_CT2)
    (add_net /Ethernet2/ETH_CT3)
    (add_net /Ethernet2/ETH_TR0+)
    (add_net /Ethernet2/ETH_TR0-)
    (add_net /Ethernet2/ETH_TR1+)
    (add_net /Ethernet2/ETH_TR1-)
    (add_net /Ethernet2/ETH_TR2+)
    (add_net /Ethernet2/ETH_TR2-)
    (add_net /Ethernet2/ETH_TR3+)
    (add_net /Ethernet2/ETH_TR3-)
    (add_net /Ethernet2/ETH_TX0+)
    (add_net /Ethernet2/ETH_TX0-)
    (add_net /Ethernet2/ETH_TX1+)
    (add_net /Ethernet2/ETH_TX1-)
    (add_net /Ethernet2/ETH_TX2+)
    (add_net /Ethernet2/ETH_TX2-)
    (add_net /Ethernet2/ETH_TX3+)
    (add_net /Ethernet2/ETH_TX3-)
    (add_net /Ethernet2/IRQ)
    (add_net /Ethernet2/MDIO)
    (add_net /Ethernet2/RXCLK)
    (add_net /Ethernet2/RXD0)
    (add_net /Ethernet2/RXD1)
    (add_net /Ethernet2/RXD2)
    (add_net /Ethernet2/RXD3)
    (add_net /Ethernet2/RXD4)
    (add_net /Ethernet2/RXD5)
    (add_net /Ethernet2/RXD6)
    (add_net /Ethernet2/RXD7)
    (add_net /Ethernet2/RXDV)
    (add_net /Ethernet2/RXER)
    (add_net /Ethernet2/TXCLK)
    (add_net /Ethernet2/VDD12A)
    (add_net /Ethernet2/VDD12PLL)
    (add_net /Ethernet2/VDDVARIO)
    (add_net /Ethernet2/VDD_ETH)
    (add_net /Ethernet2/XI)
    (add_net GND)
    (add_net "Net-(C206-Pad1)")
    (add_net "Net-(C207-Pad1)")
    (add_net "Net-(C208-Pad1)")
    (add_net "Net-(C209-Pad1)")
    (add_net "Net-(C306-Pad1)")
    (add_net "Net-(C307-Pad1)")
    (add_net "Net-(C308-Pad1)")
    (add_net "Net-(C309-Pad1)")
    (add_net "Net-(J201-Pad10)")
    (add_net "Net-(J201-Pad11)")
    (add_net "Net-(J201-Pad12)")
    (add_net "Net-(J201-Pad9)")
    (add_net "Net-(J301-Pad10)")
    (add_net "Net-(J301-Pad11)")
    (add_net "Net-(J301-Pad12)")
    (add_net "Net-(J301-Pad9)")
    (add_net "Net-(U201-Pad20)")
    (add_net "Net-(U201-Pad21)")
    (add_net "Net-(U201-Pad25)")
    (add_net "Net-(U201-Pad3)")
    (add_net "Net-(U201-Pad42)")
    (add_net "Net-(U201-Pad43)")
    (add_net "Net-(U201-Pad44)")
    (add_net "Net-(U201-Pad45)")
    (add_net "Net-(U201-Pad46)")
    (add_net "Net-(U201-Pad47)")
    (add_net "Net-(U201-Pad5)")
    (add_net "Net-(U201-Pad50)")
    (add_net "Net-(U201-Pad51)")
    (add_net "Net-(U201-Pad55)")
    (add_net "Net-(U301-Pad20)")
    (add_net "Net-(U301-Pad21)")
    (add_net "Net-(U301-Pad25)")
    (add_net "Net-(U301-Pad3)")
    (add_net "Net-(U301-Pad42)")
    (add_net "Net-(U301-Pad43)")
    (add_net "Net-(U301-Pad44)")
    (add_net "Net-(U301-Pad45)")
    (add_net "Net-(U301-Pad46)")
    (add_net "Net-(U301-Pad47)")
    (add_net "Net-(U301-Pad5)")
    (add_net "Net-(U301-Pad50)")
    (add_net "Net-(U301-Pad51)")
    (add_net "Net-(U301-Pad55)")
  )

  (net_class Phat25 ""
    (clearance 0.2032)
    (trace_width 0.635)
    (via_dia 0.635)
    (via_drill 0.381)
    (uvia_dia 0.3)
    (uvia_drill 0.1)
    (diff_pair_gap 0.20574)
    (diff_pair_width 0.22352)
    (add_net /Ethernet1/eth_inter_gnd)
    (add_net /Ethernet1/gnd_eth)
    (add_net /Ethernet2/eth_inter_gnd)
    (add_net /Ethernet2/gnd_eth)
  )

  (module myfp:RJ45_Amphenol_RJE73-188-00XX1-0X (layer F.Cu) (tedit 638F75EB) (tstamp 638EFF2A)
    (at 25.4 40.64 270)
    (path /638E68FB/63B2000C)
    (fp_text reference J201 (at 0 -12.954 270) (layer F.SilkS)
      (effects (font (size 1 1) (thickness 0.15)))
    )
    (fp_text value 8P8C_LED_Shielded (at 0 0.635 270) (layer F.Fab)
      (effects (font (size 1 1) (thickness 0.15)))
    )
    (fp_line (start -9.525 0) (end 9.525 0) (layer F.CrtYd) (width 0.25))
    (fp_line (start 9.525 -13.335) (end 9.525 0) (layer F.CrtYd) (width 0.25))
    (fp_line (start -9.525 -13.335) (end 9.525 -13.335) (layer F.CrtYd) (width 0.25))
    (fp_line (start -9.525 0) (end -9.525 -13.335) (layer F.CrtYd) (width 0.25))
    (fp_line (start 8.07 -12.25) (end 8.07 0) (layer F.SilkS) (width 0.25))
    (fp_line (start -8.07 -12.25) (end 8.07 -12.25) (layer F.SilkS) (width 0.25))
    (fp_line (start -8.07 0) (end -8.07 -12.25) (layer F.SilkS) (width 0.25))
    (fp_line (start -8.07 -12.25) (end -8.07 2.85) (layer F.Fab) (width 0.25))
    (fp_line (start 8.07 -12.25) (end -8.07 -12.25) (layer F.Fab) (width 0.25))
    (fp_line (start 8.07 2.85) (end 8.07 -12.25) (layer F.Fab) (width 0.25))
    (fp_line (start -8.07 2.85) (end 8.07 2.85) (layer F.Fab) (width 0.25))
    (fp_line (start 3.35 -1.65) (end 3.35 0) (layer F.Fab) (width 0.25))
    (fp_line (start -3.35 -1.65) (end 3.35 -1.65) (layer F.Fab) (width 0.25))
    (fp_line (start -3.35 0) (end -3.35 -1.65) (layer F.Fab) (width 0.25))
    (pad 11 thru_hole circle (at 4.47 -9.6 270) (size 1.6 1.6) (drill 1.1) (layers *.Cu *.Mask)
      (net 49 "Net-(J201-Pad11)"))
    (pad 10 thru_hole circle (at -4.47 -9.6 270) (size 1.6 1.6) (drill 1.1) (layers *.Cu *.Mask)
      (net 48 "Net-(J201-Pad10)"))
    (pad 12 thru_hole circle (at 7.01 -9.6 270) (size 1.6 1.6) (drill 1.1) (layers *.Cu *.Mask)
      (net 47 "Net-(J201-Pad12)"))
    (pad 9 thru_hole circle (at -7.01 -9.6 270) (size 1.6 1.6) (drill 1.1) (layers *.Cu *.Mask)
      (net 46 "Net-(J201-Pad9)"))
    (pad 8 thru_hole circle (at 3.556 -4.55 270) (size 1.2954 1.2954) (drill 0.889) (layers *.Cu *.Mask)
      (net 38 /Ethernet1/ETH_TX3-))
    (pad 7 thru_hole circle (at 2.54 -6.33 270) (size 1.2954 1.2954) (drill 0.889) (layers *.Cu *.Mask)
      (net 39 /Ethernet1/ETH_TX3+))
    (pad 6 thru_hole circle (at 1.524 -4.55 270) (size 1.2954 1.2954) (drill 0.889) (layers *.Cu *.Mask)
      (net 42 /Ethernet1/ETH_TX1-))
    (pad 5 thru_hole circle (at 0.508 -6.33 270) (size 1.2954 1.2954) (drill 0.889) (layers *.Cu *.Mask)
      (net 40 /Ethernet1/ETH_TX2-))
    (pad 4 thru_hole circle (at -0.508 -4.55 270) (size 1.2954 1.2954) (drill 0.889) (layers *.Cu *.Mask)
      (net 41 /Ethernet1/ETH_TX2+))
    (pad 3 thru_hole circle (at -1.524 -6.33 270) (size 1.2954 1.2954) (drill 0.889) (layers *.Cu *.Mask)
      (net 43 /Ethernet1/ETH_TX1+))
    (pad 2 thru_hole circle (at -2.54 -4.55 270) (size 1.2954 1.2954) (drill 0.889) (layers *.Cu *.Mask)
      (net 44 /Ethernet1/ETH_TX0-))
    (pad 1 thru_hole circle (at -3.556 -6.33 270) (size 1.2954 1.2954) (drill 0.889) (layers *.Cu *.Mask)
      (net 45 /Ethernet1/ETH_TX0+))
    (pad SH thru_hole oval (at 8 -1.65 270) (size 1.3 2.5) (drill oval 0.8 2) (layers *.Cu *.Mask)
      (net 107 /Ethernet1/gnd_eth))
    (pad SH thru_hole oval (at -8 -1.65 270) (size 1.3 2.5) (drill oval 0.8 2) (layers *.Cu *.Mask)
      (net 107 /Ethernet1/gnd_eth))
    (pad "" np_thru_hole circle (at 5.74 -6 270) (size 2.3 2.3) (drill 1.8) (layers *.Cu *.Mask))
    (pad "" np_thru_hole circle (at -5.74 -6 270) (size 2.3 2.3) (drill 1.8) (layers *.Cu *.Mask))
  )

  (module myfp:RJ45_Amphenol_RJE73-188-00XX1-0X (layer F.Cu) (tedit 638F75EB) (tstamp 638EC9C1)
    (at 127 50.8 90)
    (path /638EC3A5/63B2000C)
    (fp_text reference J301 (at 0 -12.954 90) (layer F.SilkS)
      (effects (font (size 1 1) (thickness 0.15)))
    )
    (fp_text value 8P8C_LED_Shielded (at 0 0.635 90) (layer F.Fab)
      (effects (font (size 1 1) (thickness 0.15)))
    )
    (fp_line (start -9.525 0) (end 9.525 0) (layer F.CrtYd) (width 0.25))
    (fp_line (start 9.525 -13.335) (end 9.525 0) (layer F.CrtYd) (width 0.25))
    (fp_line (start -9.525 -13.335) (end 9.525 -13.335) (layer F.CrtYd) (width 0.25))
    (fp_line (start -9.525 0) (end -9.525 -13.335) (layer F.CrtYd) (width 0.25))
    (fp_line (start 8.07 -12.25) (end 8.07 0) (layer F.SilkS) (width 0.25))
    (fp_line (start -8.07 -12.25) (end 8.07 -12.25) (layer F.SilkS) (width 0.25))
    (fp_line (start -8.07 0) (end -8.07 -12.25) (layer F.SilkS) (width 0.25))
    (fp_line (start -8.07 -12.25) (end -8.07 2.85) (layer F.Fab) (width 0.25))
    (fp_line (start 8.07 -12.25) (end -8.07 -12.25) (layer F.Fab) (width 0.25))
    (fp_line (start 8.07 2.85) (end 8.07 -12.25) (layer F.Fab) (width 0.25))
    (fp_line (start -8.07 2.85) (end 8.07 2.85) (layer F.Fab) (width 0.25))
    (fp_line (start 3.35 -1.65) (end 3.35 0) (layer F.Fab) (width 0.25))
    (fp_line (start -3.35 -1.65) (end 3.35 -1.65) (layer F.Fab) (width 0.25))
    (fp_line (start -3.35 0) (end -3.35 -1.65) (layer F.Fab) (width 0.25))
    (pad 11 thru_hole circle (at 4.47 -9.6 90) (size 1.6 1.6) (drill 1.1) (layers *.Cu *.Mask)
      (net 65 "Net-(J301-Pad11)"))
    (pad 10 thru_hole circle (at -4.47 -9.6 90) (size 1.6 1.6) (drill 1.1) (layers *.Cu *.Mask)
      (net 64 "Net-(J301-Pad10)"))
    (pad 12 thru_hole circle (at 7.01 -9.6 90) (size 1.6 1.6) (drill 1.1) (layers *.Cu *.Mask)
      (net 63 "Net-(J301-Pad12)"))
    (pad 9 thru_hole circle (at -7.01 -9.6 90) (size 1.6 1.6) (drill 1.1) (layers *.Cu *.Mask)
      (net 62 "Net-(J301-Pad9)"))
    (pad 8 thru_hole circle (at 3.556 -4.55 90) (size 1.2954 1.2954) (drill 0.889) (layers *.Cu *.Mask)
      (net 61 /Ethernet2/ETH_TX3-))
    (pad 7 thru_hole circle (at 2.54 -6.33 90) (size 1.2954 1.2954) (drill 0.889) (layers *.Cu *.Mask)
      (net 60 /Ethernet2/ETH_TX3+))
    (pad 6 thru_hole circle (at 1.524 -4.55 90) (size 1.2954 1.2954) (drill 0.889) (layers *.Cu *.Mask)
      (net 57 /Ethernet2/ETH_TX1-))
    (pad 5 thru_hole circle (at 0.508 -6.33 90) (size 1.2954 1.2954) (drill 0.889) (layers *.Cu *.Mask)
      (net 59 /Ethernet2/ETH_TX2-))
    (pad 4 thru_hole circle (at -0.508 -4.55 90) (size 1.2954 1.2954) (drill 0.889) (layers *.Cu *.Mask)
      (net 58 /Ethernet2/ETH_TX2+))
    (pad 3 thru_hole circle (at -1.524 -6.33 90) (size 1.2954 1.2954) (drill 0.889) (layers *.Cu *.Mask)
      (net 56 /Ethernet2/ETH_TX1+))
    (pad 2 thru_hole circle (at -2.54 -4.55 90) (size 1.2954 1.2954) (drill 0.889) (layers *.Cu *.Mask)
      (net 55 /Ethernet2/ETH_TX0-))
    (pad 1 thru_hole circle (at -3.556 -6.33 90) (size 1.2954 1.2954) (drill 0.889) (layers *.Cu *.Mask)
      (net 54 /Ethernet2/ETH_TX0+))
    (pad SH thru_hole oval (at 8 -1.65 90) (size 1.3 2.5) (drill oval 0.8 2) (layers *.Cu *.Mask)
      (net 112 /Ethernet2/gnd_eth))
    (pad SH thru_hole oval (at -8 -1.65 90) (size 1.3 2.5) (drill oval 0.8 2) (layers *.Cu *.Mask)
      (net 112 /Ethernet2/gnd_eth))
    (pad "" np_thru_hole circle (at 5.74 -6 90) (size 2.3 2.3) (drill 1.8) (layers *.Cu *.Mask))
    (pad "" np_thru_hole circle (at -5.74 -6 90) (size 2.3 2.3) (drill 1.8) (layers *.Cu *.Mask))
  )

  (module Capacitor_SMD:C_0603_1608Metric (layer F.Cu) (tedit 5B301BBE) (tstamp 638F3EE2)
    (at 52.07 5.715)
    (descr "Capacitor SMD 0603 (1608 Metric), square (rectangular) end terminal, IPC_7351 nominal, (Body size source: http://www.tortai-tech.com/upload/download/2011102023233369053.pdf), generated with kicad-footprint-generator")
    (tags capacitor)
    (path /638E68FB/639B9E37)
    (attr smd)
    (fp_text reference C201 (at 0 -1.43) (layer F.SilkS)
      (effects (font (size 1 1) (thickness 0.15)))
    )
    (fp_text value 10n (at 0 1.43) (layer F.Fab)
      (effects (font (size 1 1) (thickness 0.15)))
    )
    (fp_text user %R (at 0 0) (layer F.Fab)
      (effects (font (size 0.4 0.4) (thickness 0.06)))
    )
    (fp_line (start 1.48 0.73) (end -1.48 0.73) (layer F.CrtYd) (width 0.05))
    (fp_line (start 1.48 -0.73) (end 1.48 0.73) (layer F.CrtYd) (width 0.05))
    (fp_line (start -1.48 -0.73) (end 1.48 -0.73) (layer F.CrtYd) (width 0.05))
    (fp_line (start -1.48 0.73) (end -1.48 -0.73) (layer F.CrtYd) (width 0.05))
    (fp_line (start -0.162779 0.51) (end 0.162779 0.51) (layer F.SilkS) (width 0.12))
    (fp_line (start -0.162779 -0.51) (end 0.162779 -0.51) (layer F.SilkS) (width 0.12))
    (fp_line (start 0.8 0.4) (end -0.8 0.4) (layer F.Fab) (width 0.1))
    (fp_line (start 0.8 -0.4) (end 0.8 0.4) (layer F.Fab) (width 0.1))
    (fp_line (start -0.8 -0.4) (end 0.8 -0.4) (layer F.Fab) (width 0.1))
    (fp_line (start -0.8 0.4) (end -0.8 -0.4) (layer F.Fab) (width 0.1))
    (pad 2 smd roundrect (at 0.7875 0) (size 0.875 0.95) (layers F.Cu F.Paste F.Mask) (roundrect_rratio 0.25)
      (net 1 GND))
    (pad 1 smd roundrect (at -0.7875 0) (size 0.875 0.95) (layers F.Cu F.Paste F.Mask) (roundrect_rratio 0.25)
      (net 32 /Ethernet1/VDD_ETH))
    (model ${KISYS3DMOD}/Capacitor_SMD.3dshapes/C_0603_1608Metric.wrl
      (at (xyz 0 0 0))
      (scale (xyz 1 1 1))
      (rotate (xyz 0 0 0))
    )
  )

  (module Capacitor_SMD:C_0603_1608Metric (layer B.Cu) (tedit 5B301BBE) (tstamp 638F9511)
    (at 53.975 34.925 180)
    (descr "Capacitor SMD 0603 (1608 Metric), square (rectangular) end terminal, IPC_7351 nominal, (Body size source: http://www.tortai-tech.com/upload/download/2011102023233369053.pdf), generated with kicad-footprint-generator")
    (tags capacitor)
    (path /638E68FB/6391E1FD)
    (attr smd)
    (fp_text reference C202 (at 3.175 0 180) (layer B.SilkS)
      (effects (font (size 1 1) (thickness 0.15)) (justify mirror))
    )
    (fp_text value 22n (at 0 -1.43 180) (layer B.Fab)
      (effects (font (size 1 1) (thickness 0.15)) (justify mirror))
    )
    (fp_line (start -0.8 -0.4) (end -0.8 0.4) (layer B.Fab) (width 0.1))
    (fp_line (start -0.8 0.4) (end 0.8 0.4) (layer B.Fab) (width 0.1))
    (fp_line (start 0.8 0.4) (end 0.8 -0.4) (layer B.Fab) (width 0.1))
    (fp_line (start 0.8 -0.4) (end -0.8 -0.4) (layer B.Fab) (width 0.1))
    (fp_line (start -0.162779 0.51) (end 0.162779 0.51) (layer B.SilkS) (width 0.12))
    (fp_line (start -0.162779 -0.51) (end 0.162779 -0.51) (layer B.SilkS) (width 0.12))
    (fp_line (start -1.48 -0.73) (end -1.48 0.73) (layer B.CrtYd) (width 0.05))
    (fp_line (start -1.48 0.73) (end 1.48 0.73) (layer B.CrtYd) (width 0.05))
    (fp_line (start 1.48 0.73) (end 1.48 -0.73) (layer B.CrtYd) (width 0.05))
    (fp_line (start 1.48 -0.73) (end -1.48 -0.73) (layer B.CrtYd) (width 0.05))
    (fp_text user %R (at 0 0 180) (layer B.Fab)
      (effects (font (size 0.4 0.4) (thickness 0.06)) (justify mirror))
    )
    (pad 1 smd roundrect (at -0.7875 0 180) (size 0.875 0.95) (layers B.Cu B.Paste B.Mask) (roundrect_rratio 0.25)
      (net 32 /Ethernet1/VDD_ETH))
    (pad 2 smd roundrect (at 0.7875 0 180) (size 0.875 0.95) (layers B.Cu B.Paste B.Mask) (roundrect_rratio 0.25)
      (net 1 GND))
    (model ${KISYS3DMOD}/Capacitor_SMD.3dshapes/C_0603_1608Metric.wrl
      (at (xyz 0 0 0))
      (scale (xyz 1 1 1))
      (rotate (xyz 0 0 0))
    )
  )

  (module Capacitor_SMD:C_0603_1608Metric (layer B.Cu) (tedit 5B301BBE) (tstamp 638F3F04)
    (at 53.975 38.1 180)
    (descr "Capacitor SMD 0603 (1608 Metric), square (rectangular) end terminal, IPC_7351 nominal, (Body size source: http://www.tortai-tech.com/upload/download/2011102023233369053.pdf), generated with kicad-footprint-generator")
    (tags capacitor)
    (path /638E68FB/6391E373)
    (attr smd)
    (fp_text reference C203 (at 3.175 0 180) (layer B.SilkS)
      (effects (font (size 1 1) (thickness 0.15)) (justify mirror))
    )
    (fp_text value 22n (at 0 -1.43 180) (layer B.Fab)
      (effects (font (size 1 1) (thickness 0.15)) (justify mirror))
    )
    (fp_text user %R (at 0 0 180) (layer B.Fab)
      (effects (font (size 0.4 0.4) (thickness 0.06)) (justify mirror))
    )
    (fp_line (start 1.48 -0.73) (end -1.48 -0.73) (layer B.CrtYd) (width 0.05))
    (fp_line (start 1.48 0.73) (end 1.48 -0.73) (layer B.CrtYd) (width 0.05))
    (fp_line (start -1.48 0.73) (end 1.48 0.73) (layer B.CrtYd) (width 0.05))
    (fp_line (start -1.48 -0.73) (end -1.48 0.73) (layer B.CrtYd) (width 0.05))
    (fp_line (start -0.162779 -0.51) (end 0.162779 -0.51) (layer B.SilkS) (width 0.12))
    (fp_line (start -0.162779 0.51) (end 0.162779 0.51) (layer B.SilkS) (width 0.12))
    (fp_line (start 0.8 -0.4) (end -0.8 -0.4) (layer B.Fab) (width 0.1))
    (fp_line (start 0.8 0.4) (end 0.8 -0.4) (layer B.Fab) (width 0.1))
    (fp_line (start -0.8 0.4) (end 0.8 0.4) (layer B.Fab) (width 0.1))
    (fp_line (start -0.8 -0.4) (end -0.8 0.4) (layer B.Fab) (width 0.1))
    (pad 2 smd roundrect (at 0.7875 0 180) (size 0.875 0.95) (layers B.Cu B.Paste B.Mask) (roundrect_rratio 0.25)
      (net 1 GND))
    (pad 1 smd roundrect (at -0.7875 0 180) (size 0.875 0.95) (layers B.Cu B.Paste B.Mask) (roundrect_rratio 0.25)
      (net 32 /Ethernet1/VDD_ETH))
    (model ${KISYS3DMOD}/Capacitor_SMD.3dshapes/C_0603_1608Metric.wrl
      (at (xyz 0 0 0))
      (scale (xyz 1 1 1))
      (rotate (xyz 0 0 0))
    )
  )

  (module Capacitor_SMD:C_0603_1608Metric (layer B.Cu) (tedit 5B301BBE) (tstamp 638F3F15)
    (at 53.975 41.91 180)
    (descr "Capacitor SMD 0603 (1608 Metric), square (rectangular) end terminal, IPC_7351 nominal, (Body size source: http://www.tortai-tech.com/upload/download/2011102023233369053.pdf), generated with kicad-footprint-generator")
    (tags capacitor)
    (path /638E68FB/639228A4)
    (attr smd)
    (fp_text reference C204 (at 3.175 0 180) (layer B.SilkS)
      (effects (font (size 1 1) (thickness 0.15)) (justify mirror))
    )
    (fp_text value 22n (at 0 -1.43 180) (layer B.Fab)
      (effects (font (size 1 1) (thickness 0.15)) (justify mirror))
    )
    (fp_line (start -0.8 -0.4) (end -0.8 0.4) (layer B.Fab) (width 0.1))
    (fp_line (start -0.8 0.4) (end 0.8 0.4) (layer B.Fab) (width 0.1))
    (fp_line (start 0.8 0.4) (end 0.8 -0.4) (layer B.Fab) (width 0.1))
    (fp_line (start 0.8 -0.4) (end -0.8 -0.4) (layer B.Fab) (width 0.1))
    (fp_line (start -0.162779 0.51) (end 0.162779 0.51) (layer B.SilkS) (width 0.12))
    (fp_line (start -0.162779 -0.51) (end 0.162779 -0.51) (layer B.SilkS) (width 0.12))
    (fp_line (start -1.48 -0.73) (end -1.48 0.73) (layer B.CrtYd) (width 0.05))
    (fp_line (start -1.48 0.73) (end 1.48 0.73) (layer B.CrtYd) (width 0.05))
    (fp_line (start 1.48 0.73) (end 1.48 -0.73) (layer B.CrtYd) (width 0.05))
    (fp_line (start 1.48 -0.73) (end -1.48 -0.73) (layer B.CrtYd) (width 0.05))
    (fp_text user %R (at 0 0 180) (layer B.Fab)
      (effects (font (size 0.4 0.4) (thickness 0.06)) (justify mirror))
    )
    (pad 1 smd roundrect (at -0.7875 0 180) (size 0.875 0.95) (layers B.Cu B.Paste B.Mask) (roundrect_rratio 0.25)
      (net 32 /Ethernet1/VDD_ETH))
    (pad 2 smd roundrect (at 0.7875 0 180) (size 0.875 0.95) (layers B.Cu B.Paste B.Mask) (roundrect_rratio 0.25)
      (net 1 GND))
    (model ${KISYS3DMOD}/Capacitor_SMD.3dshapes/C_0603_1608Metric.wrl
      (at (xyz 0 0 0))
      (scale (xyz 1 1 1))
      (rotate (xyz 0 0 0))
    )
  )

  (module Capacitor_SMD:C_0603_1608Metric (layer B.Cu) (tedit 5B301BBE) (tstamp 638F3F26)
    (at 53.975 45.72 180)
    (descr "Capacitor SMD 0603 (1608 Metric), square (rectangular) end terminal, IPC_7351 nominal, (Body size source: http://www.tortai-tech.com/upload/download/2011102023233369053.pdf), generated with kicad-footprint-generator")
    (tags capacitor)
    (path /638E68FB/639228AB)
    (attr smd)
    (fp_text reference C205 (at 3.175 0 180) (layer B.SilkS)
      (effects (font (size 1 1) (thickness 0.15)) (justify mirror))
    )
    (fp_text value 22n (at 0 -1.43 180) (layer B.Fab)
      (effects (font (size 1 1) (thickness 0.15)) (justify mirror))
    )
    (fp_text user %R (at 0 0 180) (layer B.Fab)
      (effects (font (size 0.4 0.4) (thickness 0.06)) (justify mirror))
    )
    (fp_line (start 1.48 -0.73) (end -1.48 -0.73) (layer B.CrtYd) (width 0.05))
    (fp_line (start 1.48 0.73) (end 1.48 -0.73) (layer B.CrtYd) (width 0.05))
    (fp_line (start -1.48 0.73) (end 1.48 0.73) (layer B.CrtYd) (width 0.05))
    (fp_line (start -1.48 -0.73) (end -1.48 0.73) (layer B.CrtYd) (width 0.05))
    (fp_line (start -0.162779 -0.51) (end 0.162779 -0.51) (layer B.SilkS) (width 0.12))
    (fp_line (start -0.162779 0.51) (end 0.162779 0.51) (layer B.SilkS) (width 0.12))
    (fp_line (start 0.8 -0.4) (end -0.8 -0.4) (layer B.Fab) (width 0.1))
    (fp_line (start 0.8 0.4) (end 0.8 -0.4) (layer B.Fab) (width 0.1))
    (fp_line (start -0.8 0.4) (end 0.8 0.4) (layer B.Fab) (width 0.1))
    (fp_line (start -0.8 -0.4) (end -0.8 0.4) (layer B.Fab) (width 0.1))
    (pad 2 smd roundrect (at 0.7875 0 180) (size 0.875 0.95) (layers B.Cu B.Paste B.Mask) (roundrect_rratio 0.25)
      (net 1 GND))
    (pad 1 smd roundrect (at -0.7875 0 180) (size 0.875 0.95) (layers B.Cu B.Paste B.Mask) (roundrect_rratio 0.25)
      (net 32 /Ethernet1/VDD_ETH))
    (model ${KISYS3DMOD}/Capacitor_SMD.3dshapes/C_0603_1608Metric.wrl
      (at (xyz 0 0 0))
      (scale (xyz 1 1 1))
      (rotate (xyz 0 0 0))
    )
  )

  (module Capacitor_SMD:C_0603_1608Metric (layer F.Cu) (tedit 5B301BBE) (tstamp 638F3F8C)
    (at 52.07 1.905)
    (descr "Capacitor SMD 0603 (1608 Metric), square (rectangular) end terminal, IPC_7351 nominal, (Body size source: http://www.tortai-tech.com/upload/download/2011102023233369053.pdf), generated with kicad-footprint-generator")
    (tags capacitor)
    (path /638E68FB/638EB006)
    (attr smd)
    (fp_text reference C211 (at 0 -1.43) (layer F.SilkS)
      (effects (font (size 1 1) (thickness 0.15)))
    )
    (fp_text value 10n (at 0 1.43) (layer F.Fab)
      (effects (font (size 1 1) (thickness 0.15)))
    )
    (fp_line (start -0.8 0.4) (end -0.8 -0.4) (layer F.Fab) (width 0.1))
    (fp_line (start -0.8 -0.4) (end 0.8 -0.4) (layer F.Fab) (width 0.1))
    (fp_line (start 0.8 -0.4) (end 0.8 0.4) (layer F.Fab) (width 0.1))
    (fp_line (start 0.8 0.4) (end -0.8 0.4) (layer F.Fab) (width 0.1))
    (fp_line (start -0.162779 -0.51) (end 0.162779 -0.51) (layer F.SilkS) (width 0.12))
    (fp_line (start -0.162779 0.51) (end 0.162779 0.51) (layer F.SilkS) (width 0.12))
    (fp_line (start -1.48 0.73) (end -1.48 -0.73) (layer F.CrtYd) (width 0.05))
    (fp_line (start -1.48 -0.73) (end 1.48 -0.73) (layer F.CrtYd) (width 0.05))
    (fp_line (start 1.48 -0.73) (end 1.48 0.73) (layer F.CrtYd) (width 0.05))
    (fp_line (start 1.48 0.73) (end -1.48 0.73) (layer F.CrtYd) (width 0.05))
    (fp_text user %R (at 0 0) (layer F.Fab)
      (effects (font (size 0.4 0.4) (thickness 0.06)))
    )
    (pad 1 smd roundrect (at -0.7875 0) (size 0.875 0.95) (layers F.Cu F.Paste F.Mask) (roundrect_rratio 0.25)
      (net 33 /Ethernet1/VDD12A))
    (pad 2 smd roundrect (at 0.7875 0) (size 0.875 0.95) (layers F.Cu F.Paste F.Mask) (roundrect_rratio 0.25)
      (net 1 GND))
    (model ${KISYS3DMOD}/Capacitor_SMD.3dshapes/C_0603_1608Metric.wrl
      (at (xyz 0 0 0))
      (scale (xyz 1 1 1))
      (rotate (xyz 0 0 0))
    )
  )

  (module Capacitor_SMD:C_0603_1608Metric (layer F.Cu) (tedit 5B301BBE) (tstamp 638F3F9D)
    (at 52.07 -9.525)
    (descr "Capacitor SMD 0603 (1608 Metric), square (rectangular) end terminal, IPC_7351 nominal, (Body size source: http://www.tortai-tech.com/upload/download/2011102023233369053.pdf), generated with kicad-footprint-generator")
    (tags capacitor)
    (path /638E68FB/638EB00D)
    (attr smd)
    (fp_text reference C212 (at 0 -1.43) (layer F.SilkS)
      (effects (font (size 1 1) (thickness 0.15)))
    )
    (fp_text value 10n (at 0 1.43) (layer F.Fab)
      (effects (font (size 1 1) (thickness 0.15)))
    )
    (fp_line (start -0.8 0.4) (end -0.8 -0.4) (layer F.Fab) (width 0.1))
    (fp_line (start -0.8 -0.4) (end 0.8 -0.4) (layer F.Fab) (width 0.1))
    (fp_line (start 0.8 -0.4) (end 0.8 0.4) (layer F.Fab) (width 0.1))
    (fp_line (start 0.8 0.4) (end -0.8 0.4) (layer F.Fab) (width 0.1))
    (fp_line (start -0.162779 -0.51) (end 0.162779 -0.51) (layer F.SilkS) (width 0.12))
    (fp_line (start -0.162779 0.51) (end 0.162779 0.51) (layer F.SilkS) (width 0.12))
    (fp_line (start -1.48 0.73) (end -1.48 -0.73) (layer F.CrtYd) (width 0.05))
    (fp_line (start -1.48 -0.73) (end 1.48 -0.73) (layer F.CrtYd) (width 0.05))
    (fp_line (start 1.48 -0.73) (end 1.48 0.73) (layer F.CrtYd) (width 0.05))
    (fp_line (start 1.48 0.73) (end -1.48 0.73) (layer F.CrtYd) (width 0.05))
    (fp_text user %R (at 0 0) (layer F.Fab)
      (effects (font (size 0.4 0.4) (thickness 0.06)))
    )
    (pad 1 smd roundrect (at -0.7875 0) (size 0.875 0.95) (layers F.Cu F.Paste F.Mask) (roundrect_rratio 0.25)
      (net 33 /Ethernet1/VDD12A))
    (pad 2 smd roundrect (at 0.7875 0) (size 0.875 0.95) (layers F.Cu F.Paste F.Mask) (roundrect_rratio 0.25)
      (net 1 GND))
    (model ${KISYS3DMOD}/Capacitor_SMD.3dshapes/C_0603_1608Metric.wrl
      (at (xyz 0 0 0))
      (scale (xyz 1 1 1))
      (rotate (xyz 0 0 0))
    )
  )

  (module Capacitor_SMD:C_0603_1608Metric (layer F.Cu) (tedit 5B301BBE) (tstamp 638F3FAE)
    (at 52.07 -5.715)
    (descr "Capacitor SMD 0603 (1608 Metric), square (rectangular) end terminal, IPC_7351 nominal, (Body size source: http://www.tortai-tech.com/upload/download/2011102023233369053.pdf), generated with kicad-footprint-generator")
    (tags capacitor)
    (path /638E68FB/638EB014)
    (attr smd)
    (fp_text reference C213 (at 0 -1.43) (layer F.SilkS)
      (effects (font (size 1 1) (thickness 0.15)))
    )
    (fp_text value 10n (at 0 1.43) (layer F.Fab)
      (effects (font (size 1 1) (thickness 0.15)))
    )
    (fp_text user %R (at 0 0) (layer F.Fab)
      (effects (font (size 0.4 0.4) (thickness 0.06)))
    )
    (fp_line (start 1.48 0.73) (end -1.48 0.73) (layer F.CrtYd) (width 0.05))
    (fp_line (start 1.48 -0.73) (end 1.48 0.73) (layer F.CrtYd) (width 0.05))
    (fp_line (start -1.48 -0.73) (end 1.48 -0.73) (layer F.CrtYd) (width 0.05))
    (fp_line (start -1.48 0.73) (end -1.48 -0.73) (layer F.CrtYd) (width 0.05))
    (fp_line (start -0.162779 0.51) (end 0.162779 0.51) (layer F.SilkS) (width 0.12))
    (fp_line (start -0.162779 -0.51) (end 0.162779 -0.51) (layer F.SilkS) (width 0.12))
    (fp_line (start 0.8 0.4) (end -0.8 0.4) (layer F.Fab) (width 0.1))
    (fp_line (start 0.8 -0.4) (end 0.8 0.4) (layer F.Fab) (width 0.1))
    (fp_line (start -0.8 -0.4) (end 0.8 -0.4) (layer F.Fab) (width 0.1))
    (fp_line (start -0.8 0.4) (end -0.8 -0.4) (layer F.Fab) (width 0.1))
    (pad 2 smd roundrect (at 0.7875 0) (size 0.875 0.95) (layers F.Cu F.Paste F.Mask) (roundrect_rratio 0.25)
      (net 1 GND))
    (pad 1 smd roundrect (at -0.7875 0) (size 0.875 0.95) (layers F.Cu F.Paste F.Mask) (roundrect_rratio 0.25)
      (net 33 /Ethernet1/VDD12A))
    (model ${KISYS3DMOD}/Capacitor_SMD.3dshapes/C_0603_1608Metric.wrl
      (at (xyz 0 0 0))
      (scale (xyz 1 1 1))
      (rotate (xyz 0 0 0))
    )
  )

  (module Capacitor_SMD:C_0603_1608Metric (layer F.Cu) (tedit 5B301BBE) (tstamp 638F3FBF)
    (at 52.07 -1.905)
    (descr "Capacitor SMD 0603 (1608 Metric), square (rectangular) end terminal, IPC_7351 nominal, (Body size source: http://www.tortai-tech.com/upload/download/2011102023233369053.pdf), generated with kicad-footprint-generator")
    (tags capacitor)
    (path /638E68FB/638EB01B)
    (attr smd)
    (fp_text reference C214 (at 0 -1.43) (layer F.SilkS)
      (effects (font (size 1 1) (thickness 0.15)))
    )
    (fp_text value 10n (at 0 1.43) (layer F.Fab)
      (effects (font (size 1 1) (thickness 0.15)))
    )
    (fp_text user %R (at 0 0) (layer F.Fab)
      (effects (font (size 0.4 0.4) (thickness 0.06)))
    )
    (fp_line (start 1.48 0.73) (end -1.48 0.73) (layer F.CrtYd) (width 0.05))
    (fp_line (start 1.48 -0.73) (end 1.48 0.73) (layer F.CrtYd) (width 0.05))
    (fp_line (start -1.48 -0.73) (end 1.48 -0.73) (layer F.CrtYd) (width 0.05))
    (fp_line (start -1.48 0.73) (end -1.48 -0.73) (layer F.CrtYd) (width 0.05))
    (fp_line (start -0.162779 0.51) (end 0.162779 0.51) (layer F.SilkS) (width 0.12))
    (fp_line (start -0.162779 -0.51) (end 0.162779 -0.51) (layer F.SilkS) (width 0.12))
    (fp_line (start 0.8 0.4) (end -0.8 0.4) (layer F.Fab) (width 0.1))
    (fp_line (start 0.8 -0.4) (end 0.8 0.4) (layer F.Fab) (width 0.1))
    (fp_line (start -0.8 -0.4) (end 0.8 -0.4) (layer F.Fab) (width 0.1))
    (fp_line (start -0.8 0.4) (end -0.8 -0.4) (layer F.Fab) (width 0.1))
    (pad 2 smd roundrect (at 0.7875 0) (size 0.875 0.95) (layers F.Cu F.Paste F.Mask) (roundrect_rratio 0.25)
      (net 1 GND))
    (pad 1 smd roundrect (at -0.7875 0) (size 0.875 0.95) (layers F.Cu F.Paste F.Mask) (roundrect_rratio 0.25)
      (net 33 /Ethernet1/VDD12A))
    (model ${KISYS3DMOD}/Capacitor_SMD.3dshapes/C_0603_1608Metric.wrl
      (at (xyz 0 0 0))
      (scale (xyz 1 1 1))
      (rotate (xyz 0 0 0))
    )
  )

  (module Capacitor_SMD:C_0603_1608Metric (layer F.Cu) (tedit 5B301BBE) (tstamp 638F3FD0)
    (at 47.625 -13.335)
    (descr "Capacitor SMD 0603 (1608 Metric), square (rectangular) end terminal, IPC_7351 nominal, (Body size source: http://www.tortai-tech.com/upload/download/2011102023233369053.pdf), generated with kicad-footprint-generator")
    (tags capacitor)
    (path /638E68FB/638E7A92)
    (attr smd)
    (fp_text reference C215 (at 0 -1.43) (layer F.SilkS)
      (effects (font (size 1 1) (thickness 0.15)))
    )
    (fp_text value 10n (at 0 1.43) (layer F.Fab)
      (effects (font (size 1 1) (thickness 0.15)))
    )
    (fp_line (start -0.8 0.4) (end -0.8 -0.4) (layer F.Fab) (width 0.1))
    (fp_line (start -0.8 -0.4) (end 0.8 -0.4) (layer F.Fab) (width 0.1))
    (fp_line (start 0.8 -0.4) (end 0.8 0.4) (layer F.Fab) (width 0.1))
    (fp_line (start 0.8 0.4) (end -0.8 0.4) (layer F.Fab) (width 0.1))
    (fp_line (start -0.162779 -0.51) (end 0.162779 -0.51) (layer F.SilkS) (width 0.12))
    (fp_line (start -0.162779 0.51) (end 0.162779 0.51) (layer F.SilkS) (width 0.12))
    (fp_line (start -1.48 0.73) (end -1.48 -0.73) (layer F.CrtYd) (width 0.05))
    (fp_line (start -1.48 -0.73) (end 1.48 -0.73) (layer F.CrtYd) (width 0.05))
    (fp_line (start 1.48 -0.73) (end 1.48 0.73) (layer F.CrtYd) (width 0.05))
    (fp_line (start 1.48 0.73) (end -1.48 0.73) (layer F.CrtYd) (width 0.05))
    (fp_text user %R (at 0 0) (layer F.Fab)
      (effects (font (size 0.4 0.4) (thickness 0.06)))
    )
    (pad 1 smd roundrect (at -0.7875 0) (size 0.875 0.95) (layers F.Cu F.Paste F.Mask) (roundrect_rratio 0.25)
      (net 37 /Ethernet1/VDDVARIO))
    (pad 2 smd roundrect (at 0.7875 0) (size 0.875 0.95) (layers F.Cu F.Paste F.Mask) (roundrect_rratio 0.25)
      (net 1 GND))
    (model ${KISYS3DMOD}/Capacitor_SMD.3dshapes/C_0603_1608Metric.wrl
      (at (xyz 0 0 0))
      (scale (xyz 1 1 1))
      (rotate (xyz 0 0 0))
    )
  )

  (module Capacitor_SMD:C_0603_1608Metric (layer F.Cu) (tedit 5B301BBE) (tstamp 638F3FE1)
    (at 47.625 5.715)
    (descr "Capacitor SMD 0603 (1608 Metric), square (rectangular) end terminal, IPC_7351 nominal, (Body size source: http://www.tortai-tech.com/upload/download/2011102023233369053.pdf), generated with kicad-footprint-generator")
    (tags capacitor)
    (path /638E68FB/638E7B21)
    (attr smd)
    (fp_text reference C216 (at 0 -1.43) (layer F.SilkS)
      (effects (font (size 1 1) (thickness 0.15)))
    )
    (fp_text value 10n (at 0 1.43) (layer F.Fab)
      (effects (font (size 1 1) (thickness 0.15)))
    )
    (fp_line (start -0.8 0.4) (end -0.8 -0.4) (layer F.Fab) (width 0.1))
    (fp_line (start -0.8 -0.4) (end 0.8 -0.4) (layer F.Fab) (width 0.1))
    (fp_line (start 0.8 -0.4) (end 0.8 0.4) (layer F.Fab) (width 0.1))
    (fp_line (start 0.8 0.4) (end -0.8 0.4) (layer F.Fab) (width 0.1))
    (fp_line (start -0.162779 -0.51) (end 0.162779 -0.51) (layer F.SilkS) (width 0.12))
    (fp_line (start -0.162779 0.51) (end 0.162779 0.51) (layer F.SilkS) (width 0.12))
    (fp_line (start -1.48 0.73) (end -1.48 -0.73) (layer F.CrtYd) (width 0.05))
    (fp_line (start -1.48 -0.73) (end 1.48 -0.73) (layer F.CrtYd) (width 0.05))
    (fp_line (start 1.48 -0.73) (end 1.48 0.73) (layer F.CrtYd) (width 0.05))
    (fp_line (start 1.48 0.73) (end -1.48 0.73) (layer F.CrtYd) (width 0.05))
    (fp_text user %R (at 0 0) (layer F.Fab)
      (effects (font (size 0.4 0.4) (thickness 0.06)))
    )
    (pad 1 smd roundrect (at -0.7875 0) (size 0.875 0.95) (layers F.Cu F.Paste F.Mask) (roundrect_rratio 0.25)
      (net 37 /Ethernet1/VDDVARIO))
    (pad 2 smd roundrect (at 0.7875 0) (size 0.875 0.95) (layers F.Cu F.Paste F.Mask) (roundrect_rratio 0.25)
      (net 1 GND))
    (model ${KISYS3DMOD}/Capacitor_SMD.3dshapes/C_0603_1608Metric.wrl
      (at (xyz 0 0 0))
      (scale (xyz 1 1 1))
      (rotate (xyz 0 0 0))
    )
  )

  (module Resistor_SMD:R_0603_1608Metric (layer B.Cu) (tedit 5B301BBD) (tstamp 638F3FF2)
    (at 57.15 33.655)
