(kicad_pcb (version 20171130) (host pcbnew 5.0.2+dfsg1-1)

  (general
    (thickness 1.6)
    (drawings 22)
    (tracks 0)
    (zones 0)
    (modules 94)
    (nets 146)
  )

  (page B)
  (title_block
    (title JVC43A)
    (date 2022-12-05)
    (rev NC)
  )

  (layers
    (0 F.Cu signal)
    (1 L2.Cu power)
    (2 L3.Cu signal)
    (3 L4.Cu signal)
    (4 L5.Cu power)
    (31 B.Cu signal)
    (32 B.Adhes user)
    (33 F.Adhes user)
    (34 B.Paste user)
    (35 F.Paste user)
    (36 B.SilkS user)
    (37 F.SilkS user)
    (38 B.Mask user)
    (39 F.Mask user)
    (40 Dwgs.User user)
    (41 Cmts.User user)
    (42 Eco1.User user)
    (43 Eco2.User user)
    (44 Edge.Cuts user)
    (45 Margin user)
    (46 B.CrtYd user)
    (47 F.CrtYd user)
    (48 B.Fab user)
    (49 F.Fab user hide)
  )

  (setup
    (last_trace_width 0.25)
    (trace_clearance 0.2)
    (zone_clearance 0.254)
    (zone_45_only no)
    (trace_min 0.2)
    (segment_width 0.2)
    (edge_width 0.15)
    (via_size 0.8)
    (via_drill 0.4)
    (via_min_size 0.4)
    (via_min_drill 0.3)
    (uvia_size 0.3)
    (uvia_drill 0.1)
    (uvias_allowed no)
    (uvia_min_size 0.2)
    (uvia_min_drill 0.1)
    (pcb_text_width 0.3)
    (pcb_text_size 1.5 1.5)
    (mod_edge_width 0.15)
    (mod_text_size 1 1)
    (mod_text_width 0.15)
    (pad_size 1.524 1.524)
    (pad_drill 0.762)
    (pad_to_mask_clearance 0.051)
    (solder_mask_min_width 0.25)
    (aux_axis_origin 0 0)
    (visible_elements FFFFFF7F)
    (pcbplotparams
      (layerselection 0x010fc_ffffffff)
      (usegerberextensions false)
      (usegerberattributes false)
      (usegerberadvancedattributes false)
      (creategerberjobfile false)
      (excludeedgelayer true)
      (linewidth 0.100000)
      (plotframeref false)
      (viasonmask false)
      (mode 1)
      (useauxorigin false)
      (hpglpennumber 1)
      (hpglpenspeed 20)
      (hpglpendiameter 15.000000)
      (psnegative false)
      (psa4output false)
      (plotreference true)
      (plotvalue true)
      (plotinvisibletext false)
      (padsonsilk false)
      (subtractmaskfromsilk false)
      (outputformat 1)
      (mirror false)
      (drillshape 1)
      (scaleselection 1)
      (outputdirectory ""))
  )

  (net 0 "")
  (net 1 GND)
  (net 2 "Net-(U201-Pad3)")
  (net 3 "Net-(U201-Pad4)")
  (net 4 "Net-(U201-Pad5)")
  (net 5 /Ethernet1/RXD0)
  (net 6 /Ethernet1/RXD1)
  (net 7 /Ethernet1/RXD2)
  (net 8 /Ethernet1/RXD3)
  (net 9 /Ethernet1/RXD4)
  (net 10 /Ethernet1/RXD5)
  (net 11 /Ethernet1/RXD6)
  (net 12 /Ethernet1/RXD7)
  (net 13 "Net-(U201-Pad20)")
  (net 14 "Net-(U201-Pad21)")
  (net 15 "Net-(U201-Pad25)")
  (net 16 /Ethernet1/TXD7)
  (net 17 /Ethernet1/TXD6)
  (net 18 /Ethernet1/TXD5)
  (net 19 /Ethernet1/TXD4)
  (net 20 /Ethernet1/TXD3)
  (net 21 /Ethernet1/TXD2)
  (net 22 /Ethernet1/TXD1)
  (net 23 /Ethernet1/TXD0)
  (net 24 "Net-(U201-Pad42)")
  (net 25 "Net-(U201-Pad43)")
  (net 26 "Net-(U201-Pad44)")
  (net 27 "Net-(U201-Pad45)")
  (net 28 "Net-(U201-Pad46)")
  (net 29 "Net-(U201-Pad47)")
  (net 30 "Net-(U201-Pad50)")
  (net 31 "Net-(U201-Pad51)")
  (net 32 "Net-(U201-Pad52)")
  (net 33 "Net-(U201-Pad53)")
  (net 34 "Net-(U201-Pad55)")
  (net 35 "Net-(U201-Pad56)")
  (net 36 "Net-(U201-Pad71)")
  (net 37 /Ethernet1/ETH_TR3+)
  (net 38 /Ethernet1/ETH_TR3-)
  (net 39 /Ethernet1/ETH_TR2+)
  (net 40 /Ethernet1/ETH_TR2-)
  (net 41 /Ethernet1/ETH_TR1+)
  (net 42 /Ethernet1/ETH_TR1-)
  (net 43 /Ethernet1/ETH_TR0+)
  (net 44 /Ethernet1/ETH_TR0-)
  (net 45 /Ethernet1/VDD_ETH)
  (net 46 /Ethernet1/VDD12A)
  (net 47 +1V2)
  (net 48 /Ethernet1/VDD12PLL)
  (net 49 "Net-(R209-Pad1)")
  (net 50 /Ethernet1/TXEN)
  (net 51 /Ethernet1/TXER)
  (net 52 /Ethernet1/TXCLK)
  (net 53 /Ethernet1/GTXCLK)
  (net 54 /Ethernet1/VDDVARIO)
  (net 55 /Ethernet1/ETH_TX3-)
  (net 56 /Ethernet1/ETH_TX3+)
  (net 57 /Ethernet1/ETH_TX2-)
  (net 58 /Ethernet1/ETH_TX2+)
  (net 59 /Ethernet1/ETH_TX1-)
  (net 60 /Ethernet1/ETH_TX1+)
  (net 61 /Ethernet1/ETH_TX0-)
  (net 62 /Ethernet1/ETH_TX0+)
  (net 63 "Net-(J201-Pad9)")
  (net 64 "Net-(J201-Pad12)")
  (net 65 "Net-(J201-Pad10)")
  (net 66 "Net-(J201-Pad11)")
  (net 67 /Ethernet2/VDD_ETH)
  (net 68 /Ethernet2/VDD12A)
  (net 69 /Ethernet2/VDDVARIO)
  (net 70 /Ethernet2/VDD12PLL)
  (net 71 /Ethernet2/ETH_TX0+)
  (net 72 /Ethernet2/ETH_TX0-)
  (net 73 /Ethernet2/ETH_TX1+)
  (net 74 /Ethernet2/ETH_TX1-)
  (net 75 /Ethernet2/ETH_TX2+)
  (net 76 /Ethernet2/ETH_TX2-)
  (net 77 /Ethernet2/ETH_TX3+)
  (net 78 /Ethernet2/ETH_TX3-)
  (net 79 "Net-(J301-Pad9)")
  (net 80 "Net-(J301-Pad12)")
  (net 81 "Net-(J301-Pad10)")
  (net 82 "Net-(J301-Pad11)")
  (net 83 /Ethernet2/ETH_TR0-)
  (net 84 /Ethernet2/ETH_TR0+)
  (net 85 /Ethernet2/ETH_TR1-)
  (net 86 /Ethernet2/ETH_TR1+)
  (net 87 /Ethernet2/ETH_TR2-)
  (net 88 /Ethernet2/ETH_TR2+)
  (net 89 /Ethernet2/ETH_TR3-)
  (net 90 /Ethernet2/ETH_TR3+)
  (net 91 "Net-(R309-Pad1)")
  (net 92 "Net-(U301-Pad3)")
  (net 93 "Net-(U301-Pad4)")
  (net 94 "Net-(U301-Pad5)")
  (net 95 /Ethernet2/RXD0)
  (net 96 /Ethernet2/RXD1)
  (net 97 /Ethernet2/RXD2)
  (net 98 /Ethernet2/RXD3)
  (net 99 /Ethernet2/RXD4)
  (net 100 /Ethernet2/RXD5)
  (net 101 /Ethernet2/RXD6)
  (net 102 /Ethernet2/RXD7)
  (net 103 /Ethernet2/RXDV)
  (net 104 /Ethernet2/RXER)
  (net 105 "Net-(U301-Pad20)")
  (net 106 "Net-(U301-Pad21)")
  (net 107 /Ethernet2/RXCLK)
  (net 108 "Net-(U301-Pad25)")
  (net 109 /Ethernet2/TXCLK)
  (net 110 "Net-(U301-Pad42)")
  (net 111 "Net-(U301-Pad43)")
  (net 112 "Net-(U301-Pad44)")
  (net 113 "Net-(U301-Pad45)")
  (net 114 "Net-(U301-Pad46)")
  (net 115 "Net-(U301-Pad47)")
  (net 116 "Net-(U301-Pad50)")
  (net 117 "Net-(U301-Pad51)")
  (net 118 "Net-(U301-Pad52)")
  (net 119 "Net-(U301-Pad53)")
  (net 120 "Net-(U301-Pad55)")
  (net 121 "Net-(U301-Pad56)")
  (net 122 "Net-(U301-Pad71)")
  (net 123 /EN_W2B)
  (net 124 /ER_W2B)
  (net 125 /CLK_W2B)
  (net 126 "Net-(C206-Pad1)")
  (net 127 "Net-(C206-Pad2)")
  (net 128 "Net-(C207-Pad1)")
  (net 129 "Net-(C208-Pad1)")
  (net 130 "Net-(C209-Pad1)")
  (net 131 /Ethernet1/gnd_eth)
  (net 132 "Net-(C306-Pad1)")
  (net 133 "Net-(C306-Pad2)")
  (net 134 "Net-(C307-Pad1)")
  (net 135 "Net-(C308-Pad1)")
  (net 136 "Net-(C309-Pad1)")
  (net 137 /Ethernet2/gnd_eth)
  (net 138 "Net-(R213-Pad1)")
  (net 139 "Net-(R313-Pad1)")
  (net 140 "Net-(R210-Pad1)")
  (net 141 "Net-(R211-Pad1)")
  (net 142 "Net-(R212-Pad1)")
  (net 143 "Net-(R310-Pad1)")
  (net 144 "Net-(R311-Pad1)")
  (net 145 "Net-(R312-Pad1)")

  (net_class Default "This is the default net class."
    (clearance 0.2)
    (trace_width 0.25)
    (via_dia 0.8)
    (via_drill 0.4)
    (uvia_dia 0.3)
    (uvia_drill 0.1)
    (add_net +1V2)
    (add_net /CLK_W2B)
    (add_net /EN_W2B)
    (add_net /ER_W2B)
    (add_net /Ethernet1/ETH_TR0+)
    (add_net /Ethernet1/ETH_TR0-)
    (add_net /Ethernet1/ETH_TR1+)
    (add_net /Ethernet1/ETH_TR1-)
    (add_net /Ethernet1/ETH_TR2+)
    (add_net /Ethernet1/ETH_TR2-)
    (add_net /Ethernet1/ETH_TR3+)
    (add_net /Ethernet1/ETH_TR3-)
    (add_net /Ethernet1/ETH_TX0+)
    (add_net /Ethernet1/ETH_TX0-)
    (add_net /Ethernet1/ETH_TX1+)
    (add_net /Ethernet1/ETH_TX1-)
    (add_net /Ethernet1/ETH_TX2+)
    (add_net /Ethernet1/ETH_TX2-)
    (add_net /Ethernet1/ETH_TX3+)
    (add_net /Ethernet1/ETH_TX3-)
    (add_net /Ethernet1/GTXCLK)
    (add_net /Ethernet1/RXD0)
    (add_net /Ethernet1/RXD1)
    (add_net /Ethernet1/RXD2)
    (add_net /Ethernet1/RXD3)
    (add_net /Ethernet1/RXD4)
    (add_net /Ethernet1/RXD5)
    (add_net /Ethernet1/RXD6)
    (add_net /Ethernet1/RXD7)
    (add_net /Ethernet1/TXCLK)
    (add_net /Ethernet1/TXD0)
    (add_net /Ethernet1/TXD1)
    (add_net /Ethernet1/TXD2)
    (add_net /Ethernet1/TXD3)
    (add_net /Ethernet1/TXD4)
    (add_net /Ethernet1/TXD5)
    (add_net /Ethernet1/TXD6)
    (add_net /Ethernet1/TXD7)
    (add_net /Ethernet1/TXEN)
    (add_net /Ethernet1/TXER)
    (add_net /Ethernet1/VDD12A)
    (add_net /Ethernet1/VDD12PLL)
    (add_net /Ethernet1/VDDVARIO)
    (add_net /Ethernet1/VDD_ETH)
    (add_net /Ethernet1/gnd_eth)
    (add_net /Ethernet2/ETH_TR0+)
    (add_net /Ethernet2/ETH_TR0-)
    (add_net /Ethernet2/ETH_TR1+)
    (add_net /Ethernet2/ETH_TR1-)
    (add_net /Ethernet2/ETH_TR2+)
    (add_net /Ethernet2/ETH_TR2-)
    (add_net /Ethernet2/ETH_TR3+)
    (add_net /Ethernet2/ETH_TR3-)
    (add_net /Ethernet2/ETH_TX0+)
    (add_net /Ethernet2/ETH_TX0-)
    (add_net /Ethernet2/ETH_TX1+)
    (add_net /Ethernet2/ETH_TX1-)
    (add_net /Ethernet2/ETH_TX2+)
    (add_net /Ethernet2/ETH_TX2-)
    (add_net /Ethernet2/ETH_TX3+)
    (add_net /Ethernet2/ETH_TX3-)
    (add_net /Ethernet2/RXCLK)
    (add_net /Ethernet2/RXD0)
    (add_net /Ethernet2/RXD1)
    (add_net /Ethernet2/RXD2)
    (add_net /Ethernet2/RXD3)
    (add_net /Ethernet2/RXD4)
    (add_net /Ethernet2/RXD5)
    (add_net /Ethernet2/RXD6)
    (add_net /Ethernet2/RXD7)
    (add_net /Ethernet2/RXDV)
    (add_net /Ethernet2/RXER)
    (add_net /Ethernet2/TXCLK)
    (add_net /Ethernet2/VDD12A)
    (add_net /Ethernet2/VDD12PLL)
    (add_net /Ethernet2/VDDVARIO)
    (add_net /Ethernet2/VDD_ETH)
    (add_net /Ethernet2/gnd_eth)
    (add_net GND)
    (add_net "Net-(C206-Pad1)")
    (add_net "Net-(C206-Pad2)")
    (add_net "Net-(C207-Pad1)")
    (add_net "Net-(C208-Pad1)")
    (add_net "Net-(C209-Pad1)")
    (add_net "Net-(C306-Pad1)")
    (add_net "Net-(C306-Pad2)")
    (add_net "Net-(C307-Pad1)")
    (add_net "Net-(C308-Pad1)")
    (add_net "Net-(C309-Pad1)")
    (add_net "Net-(J201-Pad10)")
    (add_net "Net-(J201-Pad11)")
    (add_net "Net-(J201-Pad12)")
    (add_net "Net-(J201-Pad9)")
    (add_net "Net-(J301-Pad10)")
    (add_net "Net-(J301-Pad11)")
    (add_net "Net-(J301-Pad12)")
    (add_net "Net-(J301-Pad9)")
    (add_net "Net-(R209-Pad1)")
    (add_net "Net-(R210-Pad1)")
    (add_net "Net-(R211-Pad1)")
    (add_net "Net-(R212-Pad1)")
    (add_net "Net-(R213-Pad1)")
    (add_net "Net-(R309-Pad1)")
    (add_net "Net-(R310-Pad1)")
    (add_net "Net-(R311-Pad1)")
    (add_net "Net-(R312-Pad1)")
    (add_net "Net-(R313-Pad1)")
    (add_net "Net-(U201-Pad20)")
    (add_net "Net-(U201-Pad21)")
    (add_net "Net-(U201-Pad25)")
    (add_net "Net-(U201-Pad3)")
    (add_net "Net-(U201-Pad4)")
    (add_net "Net-(U201-Pad42)")
    (add_net "Net-(U201-Pad43)")
    (add_net "Net-(U201-Pad44)")
    (add_net "Net-(U201-Pad45)")
    (add_net "Net-(U201-Pad46)")
    (add_net "Net-(U201-Pad47)")
    (add_net "Net-(U201-Pad5)")
    (add_net "Net-(U201-Pad50)")
    (add_net "Net-(U201-Pad51)")
    (add_net "Net-(U201-Pad52)")
    (add_net "Net-(U201-Pad53)")
    (add_net "Net-(U201-Pad55)")
    (add_net "Net-(U201-Pad56)")
    (add_net "Net-(U201-Pad71)")
    (add_net "Net-(U301-Pad20)")
    (add_net "Net-(U301-Pad21)")
    (add_net "Net-(U301-Pad25)")
    (add_net "Net-(U301-Pad3)")
    (add_net "Net-(U301-Pad4)")
    (add_net "Net-(U301-Pad42)")
    (add_net "Net-(U301-Pad43)")
    (add_net "Net-(U301-Pad44)")
    (add_net "Net-(U301-Pad45)")
    (add_net "Net-(U301-Pad46)")
    (add_net "Net-(U301-Pad47)")
    (add_net "Net-(U301-Pad5)")
    (add_net "Net-(U301-Pad50)")
    (add_net "Net-(U301-Pad51)")
    (add_net "Net-(U301-Pad52)")
    (add_net "Net-(U301-Pad53)")
    (add_net "Net-(U301-Pad55)")
    (add_net "Net-(U301-Pad56)")
    (add_net "Net-(U301-Pad71)")
  )

  (module myfp:RJ45_Amphenol_RJE73-188-00XX1-0X (layer F.Cu) (tedit 638EDBED) (tstamp 638EFF2A)
    (at 25.4 35.56 270)
    (path /638E68FB/63B2000C)
    (fp_text reference J201 (at 0 -12.954 270) (layer F.SilkS)
      (effects (font (size 1 1) (thickness 0.15)))
    )
    (fp_text value 8P8C_LED_Shielded (at 0 0.635 270) (layer F.Fab)
      (effects (font (size 1 1) (thickness 0.15)))
    )
    (fp_line (start -9.525 0) (end 9.525 0) (layer F.CrtYd) (width 0.25))
    (fp_line (start 9.525 -13.335) (end 9.525 0) (layer F.CrtYd) (width 0.25))
    (fp_line (start -9.525 -13.335) (end 9.525 -13.335) (layer F.CrtYd) (width 0.25))
    (fp_line (start -9.525 0) (end -9.525 -13.335) (layer F.CrtYd) (width 0.25))
    (fp_line (start 8.07 -12.25) (end 8.07 0) (layer F.SilkS) (width 0.25))
    (fp_line (start -8.07 -12.25) (end 8.07 -12.25) (layer F.SilkS) (width 0.25))
    (fp_line (start -8.07 0) (end -8.07 -12.25) (layer F.SilkS) (width 0.25))
    (fp_line (start -8.07 -12.25) (end -8.07 2.85) (layer F.Fab) (width 0.25))
    (fp_line (start 8.07 -12.25) (end -8.07 -12.25) (layer F.Fab) (width 0.25))
    (fp_line (start 8.07 2.85) (end 8.07 -12.25) (layer F.Fab) (width 0.25))
    (fp_line (start -8.07 2.85) (end 8.07 2.85) (layer F.Fab) (width 0.25))
    (fp_line (start 3.35 -1.65) (end 3.35 0) (layer F.Fab) (width 0.25))
    (fp_line (start -3.35 -1.65) (end 3.35 -1.65) (layer F.Fab) (width 0.25))
    (fp_line (start -3.35 0) (end -3.35 -1.65) (layer F.Fab) (width 0.25))
    (pad 11 thru_hole circle (at 4.47 -9.6 270) (size 1.6 1.6) (drill 1.1) (layers *.Cu *.Mask)
      (net 66 "Net-(J201-Pad11)"))
    (pad 10 thru_hole circle (at -4.47 -9.6 270) (size 1.6 1.6) (drill 1.1) (layers *.Cu *.Mask)
      (net 65 "Net-(J201-Pad10)"))
    (pad 12 thru_hole circle (at 7.01 -9.6 270) (size 1.6 1.6) (drill 1.1) (layers *.Cu *.Mask)
      (net 64 "Net-(J201-Pad12)"))
    (pad 9 thru_hole circle (at -7.01 -9.6 270) (size 1.6 1.6) (drill 1.1) (layers *.Cu *.Mask)
      (net 63 "Net-(J201-Pad9)"))
    (pad 8 thru_hole circle (at 3.556 -4.55 270) (size 1.397 1.397) (drill 0.889) (layers *.Cu *.Mask)
      (net 55 /Ethernet1/ETH_TX3-))
    (pad 7 thru_hole circle (at 2.54 -6.33 270) (size 1.397 1.397) (drill 0.889) (layers *.Cu *.Mask)
      (net 56 /Ethernet1/ETH_TX3+))
    (pad 6 thru_hole circle (at 1.524 -4.55 270) (size 1.397 1.397) (drill 0.889) (layers *.Cu *.Mask)
      (net 57 /Ethernet1/ETH_TX2-))
    (pad 5 thru_hole circle (at 0.508 -6.33 270) (size 1.397 1.397) (drill 0.889) (layers *.Cu *.Mask)
      (net 58 /Ethernet1/ETH_TX2+))
    (pad 4 thru_hole circle (at -0.508 -4.55 270) (size 1.397 1.397) (drill 0.889) (layers *.Cu *.Mask)
      (net 59 /Ethernet1/ETH_TX1-))
    (pad 3 thru_hole circle (at -1.524 -6.33 270) (size 1.397 1.397) (drill 0.889) (layers *.Cu *.Mask)
      (net 60 /Ethernet1/ETH_TX1+))
    (pad 2 thru_hole circle (at -2.54 -4.55 270) (size 1.397 1.397) (drill 0.889) (layers *.Cu *.Mask)
      (net 61 /Ethernet1/ETH_TX0-))
    (pad 1 thru_hole circle (at -3.556 -6.33 270) (size 1.397 1.397) (drill 0.889) (layers *.Cu *.Mask)
      (net 62 /Ethernet1/ETH_TX0+))
    (pad SH thru_hole oval (at 8 -1.65 270) (size 1.3 2.5) (drill oval 0.8 2) (layers *.Cu *.Mask)
      (net 131 /Ethernet1/gnd_eth))
    (pad SH thru_hole oval (at -8 -1.65 270) (size 1.3 2.5) (drill oval 0.8 2) (layers *.Cu *.Mask)
      (net 131 /Ethernet1/gnd_eth))
    (pad "" np_thru_hole circle (at 5.74 -6 270) (size 2.3 2.3) (drill 1.8) (layers *.Cu *.Mask))
    (pad "" np_thru_hole circle (at -5.74 -6 270) (size 2.3 2.3) (drill 1.8) (layers *.Cu *.Mask))
  )

  (module myfp:RJ45_Amphenol_RJE73-188-00XX1-0X (layer F.Cu) (tedit 638EDBED) (tstamp 638EC9C1)
    (at 165.1 53.34 90)
    (path /638EC3A5/63B2000C)
    (fp_text reference J301 (at 0 -12.954 90) (layer F.SilkS)
      (effects (font (size 1 1) (thickness 0.15)))
    )
    (fp_text value 8P8C_LED_Shielded (at 0 0.635 90) (layer F.Fab)
      (effects (font (size 1 1) (thickness 0.15)))
    )
    (fp_line (start -9.525 0) (end 9.525 0) (layer F.CrtYd) (width 0.25))
    (fp_line (start 9.525 -13.335) (end 9.525 0) (layer F.CrtYd) (width 0.25))
    (fp_line (start -9.525 -13.335) (end 9.525 -13.335) (layer F.CrtYd) (width 0.25))
    (fp_line (start -9.525 0) (end -9.525 -13.335) (layer F.CrtYd) (width 0.25))
    (fp_line (start 8.07 -12.25) (end 8.07 0) (layer F.SilkS) (width 0.25))
    (fp_line (start -8.07 -12.25) (end 8.07 -12.25) (layer F.SilkS) (width 0.25))
    (fp_line (start -8.07 0) (end -8.07 -12.25) (layer F.SilkS) (width 0.25))
    (fp_line (start -8.07 -12.25) (end -8.07 2.85) (layer F.Fab) (width 0.25))
    (fp_line (start 8.07 -12.25) (end -8.07 -12.25) (layer F.Fab) (width 0.25))
    (fp_line (start 8.07 2.85) (end 8.07 -12.25) (layer F.Fab) (width 0.25))
    (fp_line (start -8.07 2.85) (end 8.07 2.85) (layer F.Fab) (width 0.25))
    (fp_line (start 3.35 -1.65) (end 3.35 0) (layer F.Fab) (width 0.25))
    (fp_line (start -3.35 -1.65) (end 3.35 -1.65) (layer F.Fab) (width 0.25))
    (fp_line (start -3.35 0) (end -3.35 -1.65) (layer F.Fab) (width 0.25))
    (pad 11 thru_hole circle (at 4.47 -9.6 90) (size 1.6 1.6) (drill 1.1) (layers *.Cu *.Mask)
      (net 82 "Net-(J301-Pad11)"))
    (pad 10 thru_hole circle (at -4.47 -9.6 90) (size 1.6 1.6) (drill 1.1) (layers *.Cu *.Mask)
      (net 81 "Net-(J301-Pad10)"))
    (pad 12 thru_hole circle (at 7.01 -9.6 90) (size 1.6 1.6) (drill 1.1) (layers *.Cu *.Mask)
      (net 80 "Net-(J301-Pad12)"))
    (pad 9 thru_hole circle (at -7.01 -9.6 90) (size 1.6 1.6) (drill 1.1) (layers *.Cu *.Mask)
      (net 79 "Net-(J301-Pad9)"))
    (pad 8 thru_hole circle (at 3.556 -4.55 90) (size 1.397 1.397) (drill 0.889) (layers *.Cu *.Mask)
      (net 78 /Ethernet2/ETH_TX3-))
    (pad 7 thru_hole circle (at 2.54 -6.33 90) (size 1.397 1.397) (drill 0.889) (layers *.Cu *.Mask)
      (net 77 /Ethernet2/ETH_TX3+))
    (pad 6 thru_hole circle (at 1.524 -4.55 90) (size 1.397 1.397) (drill 0.889) (layers *.Cu *.Mask)
      (net 76 /Ethernet2/ETH_TX2-))
    (pad 5 thru_hole circle (at 0.508 -6.33 90) (size 1.397 1.397) (drill 0.889) (layers *.Cu *.Mask)
      (net 75 /Ethernet2/ETH_TX2+))
    (pad 4 thru_hole circle (at -0.508 -4.55 90) (size 1.397 1.397) (drill 0.889) (layers *.Cu *.Mask)
      (net 74 /Ethernet2/ETH_TX1-))
    (pad 3 thru_hole circle (at -1.524 -6.33 90) (size 1.397 1.397) (drill 0.889) (layers *.Cu *.Mask)
      (net 73 /Ethernet2/ETH_TX1+))
    (pad 2 thru_hole circle (at -2.54 -4.55 90) (size 1.397 1.397) (drill 0.889) (layers *.Cu *.Mask)
      (net 72 /Ethernet2/ETH_TX0-))
    (pad 1 thru_hole circle (at -3.556 -6.33 90) (size 1.397 1.397) (drill 0.889) (layers *.Cu *.Mask)
      (net 71 /Ethernet2/ETH_TX0+))
    (pad SH thru_hole oval (at 8 -1.65 90) (size 1.3 2.5) (drill oval 0.8 2) (layers *.Cu *.Mask)
      (net 137 /Ethernet2/gnd_eth))
    (pad SH thru_hole oval (at -8 -1.65 90) (size 1.3 2.5) (drill oval 0.8 2) (layers *.Cu *.Mask)
      (net 137 /Ethernet2/gnd_eth))
    (pad "" np_thru_hole circle (at 5.74 -6 90) (size 2.3 2.3) (drill 1.8) (layers *.Cu *.Mask))
    (pad "" np_thru_hole circle (at -5.74 -6 90) (size 2.3 2.3) (drill 1.8) (layers *.Cu *.Mask))
  )

  (module Capacitor_SMD:C_0603_1608Metric (layer F.Cu) (tedit 5B301BBE) (tstamp 638F3EE2)
    (at 52.07 5.715)
    (descr "Capacitor SMD 0603 (1608 Metric), square (rectangular) end terminal, IPC_7351 nominal, (Body size source: http://www.tortai-tech.com/upload/download/2011102023233369053.pdf), generated with kicad-footprint-generator")
    (tags capacitor)
    (path /638E68FB/639B9E37)
    (attr smd)
    (fp_text reference C201 (at 0 -1.43) (layer F.SilkS)
      (effects (font (size 1 1) (thickness 0.15)))
    )
    (fp_text value 10n (at 0 1.43) (layer F.Fab)
      (effects (font (size 1 1) (thickness 0.15)))
    )
    (fp_text user %R (at 0 0) (layer F.Fab)
      (effects (font (size 0.4 0.4) (thickness 0.06)))
    )
    (fp_line (start 1.48 0.73) (end -1.48 0.73) (layer F.CrtYd) (width 0.05))
    (fp_line (start 1.48 -0.73) (end 1.48 0.73) (layer F.CrtYd) (width 0.05))
    (fp_line (start -1.48 -0.73) (end 1.48 -0.73) (layer F.CrtYd) (width 0.05))
    (fp_line (start -1.48 0.73) (end -1.48 -0.73) (layer F.CrtYd) (width 0.05))
    (fp_line (start -0.162779 0.51) (end 0.162779 0.51) (layer F.SilkS) (width 0.12))
    (fp_line (start -0.162779 -0.51) (end 0.162779 -0.51) (layer F.SilkS) (width 0.12))
    (fp_line (start 0.8 0.4) (end -0.8 0.4) (layer F.Fab) (width 0.1))
    (fp_line (start 0.8 -0.4) (end 0.8 0.4) (layer F.Fab) (width 0.1))
    (fp_line (start -0.8 -0.4) (end 0.8 -0.4) (layer F.Fab) (width 0.1))
    (fp_line (start -0.8 0.4) (end -0.8 -0.4) (layer F.Fab) (width 0.1))
    (pad 2 smd roundrect (at 0.7875 0) (size 0.875 0.95) (layers F.Cu F.Paste F.Mask) (roundrect_rratio 0.25)
      (net 1 GND))
    (pad 1 smd roundrect (at -0.7875 0) (size 0.875 0.95) (layers F.Cu F.Paste F.Mask) (roundrect_rratio 0.25)
      (net 45 /Ethernet1/VDD_ETH))
    (model ${KISYS3DMOD}/Capacitor_SMD.3dshapes/C_0603_1608Metric.wrl
      (at (xyz 0 0 0))
      (scale (xyz 1 1 1))
      (rotate (xyz 0 0 0))
    )
  )

  (module Capacitor_SMD:C_0603_1608Metric (layer F.Cu) (tedit 5B301BBE) (tstamp 638F042E)
    (at 56.515 -1.905)
    (descr "Capacitor SMD 0603 (1608 Metric), square (rectangular) end terminal, IPC_7351 nominal, (Body size source: http://www.tortai-tech.com/upload/download/2011102023233369053.pdf), generated with kicad-footprint-generator")
    (tags capacitor)
    (path /638E68FB/6391E1FD)
    (attr smd)
    (fp_text reference C202 (at 0 -1.43) (layer F.SilkS)
      (effects (font (size 1 1) (thickness 0.15)))
    )
    (fp_text value 22n (at 0 1.43) (layer F.Fab)
      (effects (font (size 1 1) (thickness 0.15)))
    )
    (fp_line (start -0.8 0.4) (end -0.8 -0.4) (layer F.Fab) (width 0.1))
    (fp_line (start -0.8 -0.4) (end 0.8 -0.4) (layer F.Fab) (width 0.1))
    (fp_line (start 0.8 -0.4) (end 0.8 0.4) (layer F.Fab) (width 0.1))
    (fp_line (start 0.8 0.4) (end -0.8 0.4) (layer F.Fab) (width 0.1))
    (fp_line (start -0.162779 -0.51) (end 0.162779 -0.51) (layer F.SilkS) (width 0.12))
    (fp_line (start -0.162779 0.51) (end 0.162779 0.51) (layer F.SilkS) (width 0.12))
    (fp_line (start -1.48 0.73) (end -1.48 -0.73) (layer F.CrtYd) (width 0.05))
    (fp_line (start -1.48 -0.73) (end 1.48 -0.73) (layer F.CrtYd) (width 0.05))
    (fp_line (start 1.48 -0.73) (end 1.48 0.73) (layer F.CrtYd) (width 0.05))
    (fp_line (start 1.48 0.73) (end -1.48 0.73) (layer F.CrtYd) (width 0.05))
    (fp_text user %R (at 0 0) (layer F.Fab)
      (effects (font (size 0.4 0.4) (thickness 0.06)))
    )
    (pad 1 smd roundrect (at -0.7875 0) (size 0.875 0.95) (layers F.Cu F.Paste F.Mask) (roundrect_rratio 0.25)
      (net 45 /Ethernet1/VDD_ETH))
    (pad 2 smd roundrect (at 0.7875 0) (size 0.875 0.95) (layers F.Cu F.Paste F.Mask) (roundrect_rratio 0.25)
      (net 1 GND))
    (model ${KISYS3DMOD}/Capacitor_SMD.3dshapes/C_0603_1608Metric.wrl
      (at (xyz 0 0 0))
      (scale (xyz 1 1 1))
      (rotate (xyz 0 0 0))
    )
  )

  (module Capacitor_SMD:C_0603_1608Metric (layer F.Cu) (tedit 5B301BBE) (tstamp 638F3F04)
    (at 56.515 -5.715)
    (descr "Capacitor SMD 0603 (1608 Metric), square (rectangular) end terminal, IPC_7351 nominal, (Body size source: http://www.tortai-tech.com/upload/download/2011102023233369053.pdf), generated with kicad-footprint-generator")
    (tags capacitor)
    (path /638E68FB/6391E373)
    (attr smd)
    (fp_text reference C203 (at 0 -1.43) (layer F.SilkS)
      (effects (font (size 1 1) (thickness 0.15)))
    )
    (fp_text value 22n (at 0 1.43) (layer F.Fab)
      (effects (font (size 1 1) (thickness 0.15)))
    )
    (fp_text user %R (at 0 0) (layer F.Fab)
      (effects (font (size 0.4 0.4) (thickness 0.06)))
    )
    (fp_line (start 1.48 0.73) (end -1.48 0.73) (layer F.CrtYd) (width 0.05))
    (fp_line (start 1.48 -0.73) (end 1.48 0.73) (layer F.CrtYd) (width 0.05))
    (fp_line (start -1.48 -0.73) (end 1.48 -0.73) (layer F.CrtYd) (width 0.05))
    (fp_line (start -1.48 0.73) (end -1.48 -0.73) (layer F.CrtYd) (width 0.05))
    (fp_line (start -0.162779 0.51) (end 0.162779 0.51) (layer F.SilkS) (width 0.12))
    (fp_line (start -0.162779 -0.51) (end 0.162779 -0.51) (layer F.SilkS) (width 0.12))
    (fp_line (start 0.8 0.4) (end -0.8 0.4) (layer F.Fab) (width 0.1))
    (fp_line (start 0.8 -0.4) (end 0.8 0.4) (layer F.Fab) (width 0.1))
    (fp_line (start -0.8 -0.4) (end 0.8 -0.4) (layer F.Fab) (width 0.1))
    (fp_line (start -0.8 0.4) (end -0.8 -0.4) (layer F.Fab) (width 0.1))
    (pad 2 smd roundrect (at 0.7875 0) (size 0.875 0.95) (layers F.Cu F.Paste F.Mask) (roundrect_rratio 0.25)
      (net 1 GND))
    (pad 1 smd roundrect (at -0.7875 0) (size 0.875 0.95) (layers F.Cu F.Paste F.Mask) (roundrect_rratio 0.25)
      (net 45 /Ethernet1/VDD_ETH))
    (model ${KISYS3DMOD}/Capacitor_SMD.3dshapes/C_0603_1608Metric.wrl
      (at (xyz 0 0 0))
      (scale (xyz 1 1 1))
      (rotate (xyz 0 0 0))
    )
  )

  (module Capacitor_SMD:C_0603_1608Metric (layer F.Cu) (tedit 5B301BBE) (tstamp 638F3F15)
    (at 56.6675 -13.335)
    (descr "Capacitor SMD 0603 (1608 Metric), square (rectangular) end terminal, IPC_7351 nominal, (Body size source: http://www.tortai-tech.com/upload/download/2011102023233369053.pdf), generated with kicad-footprint-generator")
    (tags capacitor)
    (path /638E68FB/639228A4)
    (attr smd)
    (fp_text reference C204 (at 0 -1.43) (layer F.SilkS)
      (effects (font (size 1 1) (thickness 0.15)))
    )
    (fp_text value 22n (at 0 1.43) (layer F.Fab)
      (effects (font (size 1 1) (thickness 0.15)))
    )
    (fp_line (start -0.8 0.4) (end -0.8 -0.4) (layer F.Fab) (width 0.1))
    (fp_line (start -0.8 -0.4) (end 0.8 -0.4) (layer F.Fab) (width 0.1))
    (fp_line (start 0.8 -0.4) (end 0.8 0.4) (layer F.Fab) (width 0.1))
    (fp_line (start 0.8 0.4) (end -0.8 0.4) (layer F.Fab) (width 0.1))
    (fp_line (start -0.162779 -0.51) (end 0.162779 -0.51) (layer F.SilkS) (width 0.12))
    (fp_line (start -0.162779 0.51) (end 0.162779 0.51) (layer F.SilkS) (width 0.12))
    (fp_line (start -1.48 0.73) (end -1.48 -0.73) (layer F.CrtYd) (width 0.05))
    (fp_line (start -1.48 -0.73) (end 1.48 -0.73) (layer F.CrtYd) (width 0.05))
    (fp_line (start 1.48 -0.73) (end 1.48 0.73) (layer F.CrtYd) (width 0.05))
    (fp_line (start 1.48 0.73) (end -1.48 0.73) (layer F.CrtYd) (width 0.05))
    (fp_text user %R (at 0 0) (layer F.Fab)
      (effects (font (size 0.4 0.4) (thickness 0.06)))
    )
    (pad 1 smd roundrect (at -0.7875 0) (size 0.875 0.95) (layers F.Cu F.Paste F.Mask) (roundrect_rratio 0.25)
      (net 45 /Ethernet1/VDD_ETH))
    (pad 2 smd roundrect (at 0.7875 0) (size 0.875 0.95) (layers F.Cu F.Paste F.Mask) (roundrect_rratio 0.25)
      (net 1 GND))
    (model ${KISYS3DMOD}/Capacitor_SMD.3dshapes/C_0603_1608Metric.wrl
      (at (xyz 0 0 0))
      (scale (xyz 1 1 1))
      (rotate (xyz 0 0 0))
    )
  )

  (module Capacitor_SMD:C_0603_1608Metric (layer F.Cu) (tedit 5B301BBE) (tstamp 638F3F26)
    (at 56.515 -9.525)
    (descr "Capacitor SMD 0603 (1608 Metric), square (rectangular) end terminal, IPC_7351 nominal, (Body size source: http://www.tortai-tech.com/upload/download/2011102023233369053.pdf), generated with kicad-footprint-generator")
    (tags capacitor)
    (path /638E68FB/639228AB)
    (attr smd)
    (fp_text reference C205 (at 0 -1.43) (layer F.SilkS)
      (effects (font (size 1 1) (thickness 0.15)))
    )
    (fp_text value 22n (at 0 1.43) (layer F.Fab)
      (effects (font (size 1 1) (thickness 0.15)))
    )
    (fp_text user %R (at 0 0) (layer F.Fab)
      (effects (font (size 0.4 0.4) (thickness 0.06)))
    )
    (fp_line (start 1.48 0.73) (end -1.48 0.73) (layer F.CrtYd) (width 0.05))
    (fp_line (start 1.48 -0.73) (end 1.48 0.73) (layer F.CrtYd) (width 0.05))
    (fp_line (start -1.48 -0.73) (end 1.48 -0.73) (layer F.CrtYd) (width 0.05))
    (fp_line (start -1.48 0.73) (end -1.48 -0.73) (layer F.CrtYd) (width 0.05))
    (fp_line (start -0.162779 0.51) (end 0.162779 0.51) (layer F.SilkS) (width 0.12))
    (fp_line (start -0.162779 -0.51) (end 0.162779 -0.51) (layer F.SilkS) (width 0.12))
    (fp_line (start 0.8 0.4) (end -0.8 0.4) (layer F.Fab) (width 0.1))
    (fp_line (start 0.8 -0.4) (end 0.8 0.4) (layer F.Fab) (width 0.1))
    (fp_line (start -0.8 -0.4) (end 0.8 -0.4) (layer F.Fab) (width 0.1))
    (fp_line (start -0.8 0.4) (end -0.8 -0.4) (layer F.Fab) (width 0.1))
    (pad 2 smd roundrect (at 0.7875 0) (size 0.875 0.95) (layers F.Cu F.Paste F.Mask) (roundrect_rratio 0.25)
      (net 1 GND))
    (pad 1 smd roundrect (at -0.7875 0) (size 0.875 0.95) (layers F.Cu F.Paste F.Mask) (roundrect_rratio 0.25)
      (net 45 /Ethernet1/VDD_ETH))
    (model ${KISYS3DMOD}/Capacitor_SMD.3dshapes/C_0603_1608Metric.wrl
      (at (xyz 0 0 0))
      (scale (xyz 1 1 1))
      (rotate (xyz 0 0 0))
    )
  )

  (module Capacitor_SMD:C_0603_1608Metric (layer F.Cu) (tedit 5B301BBE) (tstamp 638F3F8C)
    (at 52.07 1.905)
    (descr "Capacitor SMD 0603 (1608 Metric), square (rectangular) end terminal, IPC_7351 nominal, (Body size source: http://www.tortai-tech.com/upload/download/2011102023233369053.pdf), generated with kicad-footprint-generator")
    (tags capacitor)
    (path /638E68FB/638EB006)
    (attr smd)
    (fp_text reference C211 (at 0 -1.43) (layer F.SilkS)
      (effects (font (size 1 1) (thickness 0.15)))
    )
    (fp_text value 10n (at 0 1.43) (layer F.Fab)
      (effects (font (size 1 1) (thickness 0.15)))
    )
    (fp_line (start -0.8 0.4) (end -0.8 -0.4) (layer F.Fab) (width 0.1))
    (fp_line (start -0.8 -0.4) (end 0.8 -0.4) (layer F.Fab) (width 0.1))
    (fp_line (start 0.8 -0.4) (end 0.8 0.4) (layer F.Fab) (width 0.1))
    (fp_line (start 0.8 0.4) (end -0.8 0.4) (layer F.Fab) (width 0.1))
    (fp_line (start -0.162779 -0.51) (end 0.162779 -0.51) (layer F.SilkS) (width 0.12))
    (fp_line (start -0.162779 0.51) (end 0.162779 0.51) (layer F.SilkS) (width 0.12))
    (fp_line (start -1.48 0.73) (end -1.48 -0.73) (layer F.CrtYd) (width 0.05))
    (fp_line (start -1.48 -0.73) (end 1.48 -0.73) (layer F.CrtYd) (width 0.05))
    (fp_line (start 1.48 -0.73) (end 1.48 0.73) (layer F.CrtYd) (width 0.05))
    (fp_line (start 1.48 0.73) (end -1.48 0.73) (layer F.CrtYd) (width 0.05))
    (fp_text user %R (at 0 0) (layer F.Fab)
      (effects (font (size 0.4 0.4) (thickness 0.06)))
    )
    (pad 1 smd roundrect (at -0.7875 0) (size 0.875 0.95) (layers F.Cu F.Paste F.Mask) (roundrect_rratio 0.25)
      (net 46 /Ethernet1/VDD12A))
    (pad 2 smd roundrect (at 0.7875 0) (size 0.875 0.95) (layers F.Cu F.Paste F.Mask) (roundrect_rratio 0.25)
      (net 1 GND))
    (model ${KISYS3DMOD}/Capacitor_SMD.3dshapes/C_0603_1608Metric.wrl
      (at (xyz 0 0 0))
      (scale (xyz 1 1 1))
      (rotate (xyz 0 0 0))
    )
  )

  (module Capacitor_SMD:C_0603_1608Metric (layer F.Cu) (tedit 5B301BBE) (tstamp 638F3F9D)
    (at 52.07 -9.525)
    (descr "Capacitor SMD 0603 (1608 Metric), square (rectangular) end terminal, IPC_7351 nominal, (Body size source: http://www.tortai-tech.com/upload/download/2011102023233369053.pdf), generated with kicad-footprint-generator")
    (tags capacitor)
    (path /638E68FB/638EB00D)
    (attr smd)
    (fp_text reference C212 (at 0 -1.43) (layer F.SilkS)
      (effects (font (size 1 1) (thickness 0.15)))
    )
    (fp_text value 10n (at 0 1.43) (layer F.Fab)
      (effects (font (size 1 1) (thickness 0.15)))
    )
    (fp_line (start -0.8 0.4) (end -0.8 -0.4) (layer F.Fab) (width 0.1))
    (fp_line (start -0.8 -0.4) (end 0.8 -0.4) (layer F.Fab) (width 0.1))
    (fp_line (start 0.8 -0.4) (end 0.8 0.4) (layer F.Fab) (width 0.1))
    (fp_line (start 0.8 0.4) (end -0.8 0.4) (layer F.Fab) (width 0.1))
    (fp_line (start -0.162779 -0.51) (end 0.162779 -0.51) (layer F.SilkS) (width 0.12))
    (fp_line (start -0.162779 0.51) (end 0.162779 0.51) (layer F.SilkS) (width 0.12))
    (fp_line (start -1.48 0.73) (end -1.48 -0.73) (layer F.CrtYd) (width 0.05))
    (fp_line (start -1.48 -0.73) (end 1.48 -0.73) (layer F.CrtYd) (width 0.05))
    (fp_line (start 1.48 -0.73) (end 1.48 0.73) (layer F.CrtYd) (width 0.05))
    (fp_line (start 1.48 0.73) (end -1.48 0.73) (layer F.CrtYd) (width 0.05))
    (fp_text user %R (at 0 0) (layer F.Fab)
      (effects (font (size 0.4 0.4) (thickness 0.06)))
    )
    (pad 1 smd roundrect (at -0.7875 0) (size 0.875 0.95) (layers F.Cu F.Paste F.Mask) (roundrect_rratio 0.25)
      (net 46 /Ethernet1/VDD12A))
    (pad 2 smd roundrect (at 0.7875 0) (size 0.875 0.95) (layers F.Cu F.Paste F.Mask) (roundrect_rratio 0.25)
      (net 1 GND))
    (model ${KISYS3DMOD}/Capacitor_SMD.3dshapes/C_0603_1608Metric.wrl
      (at (xyz 0 0 0))
      (scale (xyz 1 1 1))
      (rotate (xyz 0 0 0))
    )
  )

  (module Capacitor_SMD:C_0603_1608Metric (layer F.Cu) (tedit 5B301BBE) (tstamp 638F3FAE)
    (at 52.07 -5.715)
    (descr "Capacitor SMD 0603 (1608 Metric), square (rectangular) end terminal, IPC_7351 nominal, (Body size source: http://www.tortai-tech.com/upload/download/2011102023233369053.pdf), generated with kicad-footprint-generator")
    (tags capacitor)
    (path /638E68FB/638EB014)
    (attr smd)
    (fp_text reference C213 (at 0 -1.43) (layer F.SilkS)
      (effects (font (size 1 1) (thickness 0.15)))
    )
    (fp_text value 10n (at 0 1.43) (layer F.Fab)
      (effects (font (size 1 1) (thickness 0.15)))
    )
    (fp_text user %R (at 0 0) (layer F.Fab)
      (effects (font (size 0.4 0.4) (thickness 0.06)))
    )
    (fp_line (start 1.48 0.73) (end -1.48 0.73) (layer F.CrtYd) (width 0.05))
    (fp_line (start 1.48 -0.73) (end 1.48 0.73) (layer F.CrtYd) (width 0.05))
    (fp_line (start -1.48 -0.73) (end 1.48 -0.73) (layer F.CrtYd) (width 0.05))
    (fp_line (start -1.48 0.73) (end -1.48 -0.73) (layer F.CrtYd) (width 0.05))
    (fp_line (start -0.162779 0.51) (end 0.162779 0.51) (layer F.SilkS) (width 0.12))
    (fp_line (start -0.162779 -0.51) (end 0.162779 -0.51) (layer F.SilkS) (width 0.12))
    (fp_line (start 0.8 0.4) (end -0.8 0.4) (layer F.Fab) (width 0.1))
    (fp_line (start 0.8 -0.4) (end 0.8 0.4) (layer F.Fab) (width 0.1))
    (fp_line (start -0.8 -0.4) (end 0.8 -0.4) (layer F.Fab) (width 0.1))
    (fp_line (start -0.8 0.4) (end -0.8 -0.4) (layer F.Fab) (width 0.1))
    (pad 2 smd roundrect (at 0.7875 0) (size 0.875 0.95) (layers F.Cu F.Paste F.Mask) (roundrect_rratio 0.25)
      (net 1 GND))
    (pad 1 smd roundrect (at -0.7875 0) (size 0.875 0.95) (layers F.Cu F.Paste F.Mask) (roundrect_rratio 0.25)
      (net 46 /Ethernet1/VDD12A))
    (model ${KISYS3DMOD}/Capacitor_SMD.3dshapes/C_0603_1608Metric.wrl
      (at (xyz 0 0 0))
      (scale (xyz 1 1 1))
      (rotate (xyz 0 0 0))
    )
  )

  (module Capacitor_SMD:C_0603_1608Metric (layer F.Cu) (tedit 5B301BBE) (tstamp 638F3FBF)
    (at 52.07 -1.905)
    (descr "Capacitor SMD 0603 (1608 Metric), square (rectangular) end terminal, IPC_7351 nominal, (Body size source: http://www.tortai-tech.com/upload/download/2011102023233369053.pdf), generated with kicad-footprint-generator")
    (tags capacitor)
    (path /638E68FB/638EB01B)
    (attr smd)
    (fp_text reference C214 (at 0 -1.43) (layer F.SilkS)
      (effects (font (size 1 1) (thickness 0.15)))
    )
    (fp_text value 10n (at 0 1.43) (layer F.Fab)
      (effects (font (size 1 1) (thickness 0.15)))
    )
    (fp_text user %R (at 0 0) (layer F.Fab)
      (effects (font (size 0.4 0.4) (thickness 0.06)))
    )
    (fp_line (start 1.48 0.73) (end -1.48 0.73) (layer F.CrtYd) (width 0.05))
    (fp_line (start 1.48 -0.73) (end 1.48 0.73) (layer F.CrtYd) (width 0.05))
    (fp_line (start -1.48 -0.73) (end 1.48 -0.73) (layer F.CrtYd) (width 0.05))
    (fp_line (start -1.48 0.73) (end -1.48 -0.73) (layer F.CrtYd) (width 0.05))
    (fp_line (start -0.162779 0.51) (end 0.162779 0.51) (layer F.SilkS) (width 0.12))
    (fp_line (start -0.162779 -0.51) (end 0.162779 -0.51) (layer F.SilkS) (width 0.12))
    (fp_line (start 0.8 0.4) (end -0.8 0.4) (layer F.Fab) (width 0.1))
    (fp_line (start 0.8 -0.4) (end 0.8 0.4) (layer F.Fab) (width 0.1))
    (fp_line (start -0.8 -0.4) (end 0.8 -0.4) (layer F.Fab) (width 0.1))
    (fp_line (start -0.8 0.4) (end -0.8 -0.4) (layer F.Fab) (width 0.1))
    (pad 2 smd roundrect (at 0.7875 0) (size 0.875 0.95) (layers F.Cu F.Paste F.Mask) (roundrect_rratio 0.25)
      (net 1 GND))
    (pad 1 smd roundrect (at -0.7875 0) (size 0.875 0.95) (layers F.Cu F.Paste F.Mask) (roundrect_rratio 0.25)
      (net 46 /Ethernet1/VDD12A))
    (model ${KISYS3DMOD}/Capacitor_SMD.3dshapes/C_0603_1608Metric.wrl
      (at (xyz 0 0 0))
      (scale (xyz 1 1 1))
      (rotate (xyz 0 0 0))
    )
  )

  (module Capacitor_SMD:C_0603_1608Metric (layer F.Cu) (tedit 5B301BBE) (tstamp 638F3FD0)
    (at 47.625 -13.335)
    (descr "Capacitor SMD 0603 (1608 Metric), square (rectangular) end terminal, IPC_7351 nominal, (Body size source: http://www.tortai-tech.com/upload/download/2011102023233369053.pdf), generated with kicad-footprint-generator")
    (tags capacitor)
    (path /638E68FB/638E7A92)
    (attr smd)
    (fp_text reference C215 (at 0 -1.43) (layer F.SilkS)
      (effects (font (size 1 1) (thickness 0.15)))
    )
    (fp_text value 10n (at 0 1.43) (layer F.Fab)
      (effects (font (size 1 1) (thickness 0.15)))
    )
    (fp_line (start -0.8 0.4) (end -0.8 -0.4) (layer F.Fab) (width 0.1))
    (fp_line (start -0.8 -0.4) (end 0.8 -0.4) (layer F.Fab) (width 0.1))
    (fp_line (start 0.8 -0.4) (end 0.8 0.4) (layer F.Fab) (width 0.1))
    (fp_line (start 0.8 0.4) (end -0.8 0.4) (layer F.Fab) (width 0.1))
    (fp_line (start -0.162779 -0.51) (end 0.162779 -0.51) (layer F.SilkS) (width 0.12))
    (fp_line (start -0.162779 0.51) (end 0.162779 0.51) (layer F.SilkS) (width 0.12))
    (fp_line (start -1.48 0.73) (end -1.48 -0.73) (layer F.CrtYd) (width 0.05))
    (fp_line (start -1.48 -0.73) (end 1.48 -0.73) (layer F.CrtYd) (width 0.05))
    (fp_line (start 1.48 -0.73) (end 1.48 0.73) (layer F.CrtYd) (width 0.05))
    (fp_line (start 1.48 0.73) (end -1.48 0.73) (layer F.CrtYd) (width 0.05))
    (fp_text user %R (at 0 0) (layer F.Fab)
      (effects (font (size 0.4 0.4) (thickness 0.06)))
    )
    (pad 1 smd roundrect (at -0.7875 0) (size 0.875 0.95) (layers F.Cu F.Paste F.Mask) (roundrect_rratio 0.25)
      (net 54 /Ethernet1/VDDVARIO))
    (pad 2 smd roundrect (at 0.7875 0) (size 0.875 0.95) (layers F.Cu F.Paste F.Mask) (roundrect_rratio 0.25)
      (net 1 GND))
    (model ${KISYS3DMOD}/Capacitor_SMD.3dshapes/C_0603_1608Metric.wrl
      (at (xyz 0 0 0))
      (scale (xyz 1 1 1))
      (rotate (xyz 0 0 0))
    )
  )

  (module Capacitor_SMD:C_0603_1608Metric (layer F.Cu) (tedit 5B301BBE) (tstamp 638F3FE1)
    (at 47.625 5.715)
    (descr "Capacitor SMD 0603 (1608 Metric), square (rectangular) end terminal, IPC_7351 nominal, (Body size source: http://www.tortai-tech.com/upload/download/2011102023233369053.pdf), generated with kicad-footprint-generator")
    (tags capacitor)
    (path /638E68FB/638E7B21)
    (attr smd)
    (fp_text reference C216 (at 0 -1.43) (layer F.SilkS)
      (effects (font (size 1 1) (thickness 0.15)))
    )
    (fp_text value 10n (at 0 1.43) (layer F.Fab)
      (effects (font (size 1 1) (thickness 0.15)))
    )
    (fp_line (start -0.8 0.4) (end -0.8 -0.4) (layer F.Fab) (width 0.1))
    (fp_line (start -0.8 -0.4) (end 0.8 -0.4) (layer F.Fab) (width 0.1))
    (fp_line (start 0.8 -0.4) (end 0.8 0.4) (layer F.Fab) (width 0.1))
    (fp_line (start 0.8 0.4) (end -0.8 0.4) (layer F.Fab) (width 0.1))
    (fp_line (start -0.162779 -0.51) (end 0.162779 -0.51) (layer F.SilkS) (width 0.12))
    (fp_line (start -0.162779 0.51) (end 0.162779 0.51) (layer F.SilkS) (width 0.12))
    (fp_line (start -1.48 0.73) (end -1.48 -0.73) (layer F.CrtYd) (width 0.05))
    (fp_line (start -1.48 -0.73) (end 1.48 -0.73) (layer F.CrtYd) (width 0.05))
    (fp_line (start 1.48 -0.73) (end 1.48 0.73) (layer F.CrtYd) (width 0.05))
    (fp_line (start 1.48 0.73) (end -1.48 0.73) (layer F.CrtYd) (width 0.05))
    (fp_text user %R (at 0 0) (layer F.Fab)
      (effects (font (size 0.4 0.4) (thickness 0.06)))
    )
    (pad 1 smd roundrect (at -0.7875 0) (size 0.875 0.95) (layers F.Cu F.Paste F.Mask) (roundrect_rratio 0.25)
      (net 54 /Ethernet1/VDDVARIO))
    (pad 2 smd roundrect (at 0.7875 0) (size 0.875 0.95) (layers F.Cu F.Paste F.Mask) (roundrect_rratio 0.25)
      (net 1 GND))
    (model ${KISYS3DMOD}/Capacitor_SMD.3dshapes/C_0603_1608Metric.wrl
      (at (xyz 0 0 0))
      (scale (xyz 1 1 1))
      (rotate (xyz 0 0 0))
    )
  )

  (module Resistor_SMD:R_0603_1608Metric (layer F.Cu) (tedit 5B301BBD) (tstamp 638F3FF2)
    (at 69.6975 -5.715)
